2 -8 -204
3 149 87
1 215 -38
4 -101 64
0 -169 -172
3 172 42
4 -126 71
1 205 -18
0 -122 -153
1 150 -48
2 11 -225
4 -97 72
3 152 57
0 -178 -161
0 -165 -162
4 -82 70
0 -161 -153
2 -3 -221
2 -10 -224
3 159 101
2 -20 -218
1 239 -50
3 167 72
4 -112 74
1 213 -66
1 184 -21
2 -29 -215
2 -25 -209
4 -107 71
4 -105 77
0 -155 -167
1 199 -13
1 168 -17
2 -26 -205
3 162 75
1 237 -4
1 207 -29
0 -209 -164
4 -99 68
2 -17 -216
2 -3 -224
4 -129 76
0 -181 -160
1 192 -2
2 -17 -223
4 -111 75
2 -20 -228
2 -27 -223
2 -10 -223
0 -173 -161
1 206 -35
2 26 -206
2 0 -220
1 183 -43
3 156 59
4 -89 77
4 -132 80
0 -166 -170
0 -175 -173
2 -5 -225
1 189 -21
4 -122 68
4 -134 72
1 196 -46
0 -176 -153
2 -43 -223
0 -161 -152
2 -14 -217
3 154 72
2 -34 -207
1 209 -30
2 -13 -206
0 -145 -160
0 -172 -161
2 18 -222
0 -170 -162
0 -181 -157
4 -89 70
1 218 -45
2 -23 -219
2 -22 -216
3 156 73
3 146 58
0 -136 -161
1 226 -21
3 153 54
0 -180 -154
0 -188 -155
3 151 86
2 -11 -221
0 -167 -161
0 -174 -165
4 -87 87
1 215 2
2 4 -210
3 156 94
1 225 -17
1 214 -53
1 193 -29
3 146 65
4 -105 74
1 211 -31
4 -110 79
0 -162 -149
4 -98 68
0 -180 -149
3 146 94
3 154 63
4 -122 66
2 -10 -214
2 -8 -222
2 -38 -227
0 -187 -152
1 190 -11
3 147 96
0 -161 -161
4 -124 73
4 -115 76
1 246 -40
2 -3 -218
1 197 -37
0 -188 -166
1 179 -33
0 -165 -157
3 144 56
0 -160 -169
3 159 64
1 183 -50
4 -121 73
2 -18 -209
3 152 62
2 6 -206
0 -169 -154
1 182 -28
4 -96 66
1 214 -8
0 -121 -170
0 -175 -152
1 -274 -44
3 148 87
4 -131 76
3 143 99
2 -15 -213
1 233 6
3 136 89
3 160 87
3 157 82
0 -157 -167
0 -171 -168
0 -161 -165
0 -148 -150
4 -114 68
0 -153 -141
4 -120 78
3 169 72
1 193 -44
3 162 110
1 222 -22
1 207 -34
3 156 84
4 -84 79
4 -111 67
3 164 82
3 146 59
0 -146 -159
2 -5 -209
3 156 106
3 167 73
4 -89 70
2 -31 -211
2 -9 -222
0 -157 -165
0 -177 -153
2 -22 -219
2 -18 -216
1 226 -10
1 195 -29
1 222 -35
2 -1 -212
1 181 -4
3 165 113
3 135 106
2 -23 -209
0 -149 -151
1 200 -35
3 165 72
2 -20 -218
1 203 -30
1 206 -11
3 154 91
1 212 -42
1 224 -39
2 -14 -210
4 -101 70
3 160 84
4 -89 74
1 202 -51
1 235 -32
3 148 75
1 189 -15
1 169 21
0 -180 -157
0 -175 -149
4 -91 74
3 172 100
4 -97 77
0 -139 -161
1 200 -47
3 154 86
0 -156 -156
2 -6 -219
1 211 -26
1 168 -21
3 169 96
0 -213 -162
3 169 68
2 -12 -221
1 219 -47
1 218 -21
4 -103 68
2 -12 -218
4 -116 79
1 197 -52
4 -97 82
4 -115 73
2 -24 -220
0 -160 -154
0 -146 -159
4 -113 75
2 -41 -221
1 194 -18
4 -108 80
1 195 -44
1 231 -33
1 184 -19
3 153 99
0 -141 -163
2 -12 -210
1 199 -11
3 157 75
0 -169 -147
0 -183 -165
0 -167 -160
1 149 7
2 6 -215
1 227 -51
1 233 -26
2 -30 -219
4 -98 68
0 -161 -161
2 -7 -215
2 24 -204
3 151 71
4 -120 76
4 -99 71
3 159 123
2 -20 -210
3 149 90
1 227 -4
0 -178 -146
4 -100 77
4 -113 63
1 177 -24
4 -114 72
0 -191 -156
1 205 -40
1 187 -62
0 -173 -153
4 -106 77
3 153 15
0 -142 -147
1 230 -53
0 -169 -144
3 154 94
0 -187 -165
1 215 -44
3 152 79
0 -173 -158
0 -186 -158
0 -193 -161
2 -38 -208
3 155 78
3 159 69
0 -159 -156
3 162 51
3 164 69
1 195 -33
1 209 -16
4 -116 76
4 -113 76
1 232 -10
3 170 105
4 -113 70
3 180 78
3 155 64
2 -11 -211
1 202 -26
0 -156 -156
0 -173 -157
2 -10 -216
2 17 -203
3 157 71
0 -170 -149
0 -177 -152
2 -43 -222
4 -89 77
3 171 103
2 -26 -213
0 -154 -156
3 173 74
4 -113 80
0 -158 -155
4 -95 79
2 -8 -212
0 -181 -154
1 223 -26
3 165 79
3 151 70
0 -149 -169
2 -34 -224
1 205 -15
3 172 79
0 -182 -160
1 217 -41
3 161 81
1 210 -45
0 -178 -169
1 202 -23
3 152 69
3 156 85
0 -182 -153
1 177 -23
1 195 -27
0 -168 -155
0 -200 -147
1 197 -28
1 180 -23
1 223 -33
1 176 -28
4 -108 81
3 150 74
4 -99 80
0 -184 -164
4 -125 68
4 -99 71
0 -135 -153
3 156 89
3 152 90
0 -165 -143
3 162 71
1 164 -21
1 192 -24
0 -161 -166
2 5 -209
2 -42 -203
2 -20 -199
4 -119 69
0 -187 -156
0 -195 -142
3 160 79
1 208 -43
2 -2 -218
2 15 -212
1 177 -34
0 -201 -157
2 -33 -208
4 -105 81
4 -111 86
2 -23 -199
3 162 67
3 167 96
2 -4 -218
4 -111 81
3 177 67
4 -123 82
2 -32 -211
4 -82 73
0 -143 -155
2 -17 -216
3 147 40
0 -188 -153
3 168 98
1 216 -41
4 -134 87
0 -165 -140
0 -194 -152
1 211 0
4 -121 65
4 -101 78
3 160 82
1 215 -11
4 -91 74
3 165 59
4 -113 82
2 -18 -204
0 -175 -168
3 159 92
2 -13 -226
2 -27 -210
1 183 -42
2 -18 -201
4 -73 84
0 -137 -152
4 -124 63
1 207 -22
2 -21 -221
2 6 -211
1 195 -38
4 -128 75
3 161 68
1 203 -14
1 213 -45
4 -127 82
3 151 74
0 -187 -147
2 -26 -220
0 -154 -142
2 -13 -208
0 -140 -158
2 2 -217
3 144 82
4 -99 85
4 -107 71
3 156 66
1 212 -19
0 -160 -157
0 -156 -161
3 163 58
1 248 -21
4 -109 78
0 -181 -163
1 201 -15
0 -140 -165
3 142 70
4 -99 74
4 -85 84
4 -88 89
2 -1 -209
3 167 69
0 -150 -157
0 -182 -163
1 231 -34
1 212 -31
4 -106 87
0 -198 -157
1 207 -26
0 -171 -166
1 237 -44
2 9 -212
2 -2 -203
1 198 -28
0 -146 -145
0 -150 -148
3 160 97
0 -158 -153
2 -4 -230
2 3 -225
2 -33 -207
0 -146 -161
2 -37 -209
1 193 -35
2 -4 -215
2 4 -219
2 0 -217
0 -152 -145
1 217 -30
3 165 55
1 197 -57
4 -110 81
4 -83 73
3 178 90
4 -84 89
1 222 -23
1 214 -37
1 230 -42
3 155 86
1 237 -20
3 153 73
0 -142 -147
3 153 98
1 220 7
3 165 82
3 162 68
4 -96 78
1 202 -62
2 -13 -223
0 -141 -154
0 -186 -156
1 231 -33
0 -156 -159
0 -147 -143
3 171 101
1 220 -42
4 -105 81
4 -93 75
4 -83 82
0 -155 -157
1 203 -9
4 -94 72
3 147 69
2 -10 -220
3 151 79
1 200 -37
3 149 113
4 -121 80
0 -172 -157
3 149 40
0 -155 -144
2 -11 -218
0 -141 -157
3 156 77
3 150 70
2 -4 -231
1 218 -46
2 1 -201
0 -170 -149
1 216 -41
4 -117 73
2 -11 -220
1 187 -32
3 141 104
1 181 -26
3 158 105
4 -87 81
3 139 52
0 -172 -165
2 -12 -199
2 -16 -219
2 1 -221
4 -112 73
3 170 123
1 229 -20
0 -167 -152
1 188 -15
3 164 56
1 195 -47
2 -3 -214
0 -148 -139
0 -145 -161
4 -96 83
1 220 -27
2 -33 -195
1 200 -35
2 -35 -216
4 -105 73
0 -149 -159
1 208 -41
1 218 -12
2 -25 -208
4 -89 84
1 212 -32
1 236 -17
2 10 -214
4 -103 82
0 -179 -149
3 166 90
1 208 -35
0 -171 -147
0 -180 -140
4 -115 71
4 -95 78
3 156 98
2 -27 -219
3 164 109
1 208 -16
1 232 -14
4 -83 87
2 -21 -224
4 -118 79
3 155 67
4 -73 79
0 -141 -156
4 -101 68
2 1 -217
0 -195 -148
0 -153 -159
4 -98 77
4 -125 81
3 134 87
2 -13 -209
4 -136 77
0 -156 -154
2 -12 -206
1 203 -43
4 -109 77
2 29 -202
1 187 -38
3 149 103
2 -17 -203
3 158 56
3 152 96
1 192 -16
1 179 18
0 -174 -156
2 -17 -216
1 215 -33
3 155 27
0 -143 -157
4 -112 84
1 220 -22
2 -26 -198
0 -176 -163
3 165 93
2 -9 -209
1 186 -45
3 162 96
0 -149 -163
0 -157 -159
0 -149 -152
3 163 95
2 -16 -210
2 -11 -202
0 -166 -147
4 -115 67
2 3 -199
0 -168 -149
0 -171 -160
3 150 86
2 -16 -204
4 -104 89
3 172 67
0 -170 -137
1 210 -17
4 -102 79
0 -134 -149
2 8 -217
3 161 62
0 -151 -157
2 -12 -216
4 -116 82
1 201 -20
1 201 5
1 191 -37
2 -1 -229
0 -180 -150
1 202 -11
0 -170 -156
3 134 34
4 67 80
1 200 -31
3 160 102
3 157 105
1 199 -24
3 154 70
4 -82 77
0 -186 -147
0 -179 -157
4 -96 87
0 -178 -153
2 12 -206
3 163 64
3 161 106
2 -11 -228
0 -147 -145
3 169 95
0 -179 -150
0 -169 -145
1 189 -32
1 196 -46
2 -35 -205
0 -158 -149
3 159 57
4 -102 82
0 -184 -149
4 -111 86
0 -157 -156
2 -18 -207
3 152 54
4 -97 84
3 169 72
1 195 -22
1 206 -26
1 150 -34
1 236 -24
4 -104 73
4 -98 85
2 -21 -226
4 -77 80
4 -103 82
2 -9 -203
3 162 48
3 169 74
4 -118 86
4 -69 70
4 -109 80
2 -30 -208
3 150 81
2 0 -226
1 187 -31
0 -138 -148
0 -142 -154
4 -70 77
3 155 75
2 5 -197
1 214 -35
3 165 103
0 -183 -155
1 170 4
2 -10 -210
3 162 70
2 -20 -213
1 209 -12
3 158 45
0 -160 -165
0 -176 -158
4 -86 81
4 -108 82
4 -107 78
3 158 68
4 -105 77
1 218 -21
3 155 87
0 -127 -146
2 -19 -223
3 155 95
2 2 -202
3 150 117
0 -148 -136
1 194 -42
3 156 79
2 -23 -219
4 -102 79
3 165 112
2 -3 -211
0 -180 -148
2 21 -216
0 -175 -157
3 155 78
4 -105 82
0 -175 -150
2 -13 -206
3 151 68
3 151 59
0 -138 -149
2 -31 -214
4 -92 85
1 185 -23
1 211 -3
4 -105 82
0 -153 -154
1 210 -35
0 -178 -146
1 196 -31
0 -140 -159
3 145 80
4 -106 85
2 -2 -219
4 -94 83
0 -157 -150
1 168 -23
1 204 -36
1 206 -44
2 6 -213
0 -158 -148
4 -112 71
1 207 -49
2 -12 -214
2 -8 -211
0 -164 -144
2 15 -209
1 216 -23
4 -117 79
2 8 -203
4 -86 81
1 179 -42
4 -105 85
3 142 88
1 192 -39
0 -171 -158
1 225 -5
2 -17 -219
3 173 60
2 5 -196
2 -18 -220
0 -135 -154
3 166 90
3 163 57
0 -162 -154
0 -161 -159
3 153 76
0 -183 -156
2 2 -214
0 -136 -155
0 -178 -158
2 13 -207
4 -116 77
2 -15 -220
3 145 95
3 155 84
0 -172 -150
3 174 65
2 2 -214
2 -7 -199
2 -3 -218
1 202 -17
4 -79 78
3 163 82
0 -172 -149
3 168 63
4 -113 70
1 188 -63
1 234 -32
0 -201 -157
0 -157 -152
3 158 68
1 215 -27
3 158 66
3 168 104
0 -182 -159
1 173 -28
3 160 86
4 -109 82
1 198 -17
4 -85 81
3 175 60
1 247 -26
1 222 -36
4 -65 75
4 -99 73
0 -173 -158
2 -7 -202
4 -85 77
1 225 -19
0 -183 -147
0 -140 -150
1 193 -54
3 156 73
0 -164 -142
4 -90 80
0 -142 -129
4 -92 80
3 151 94
4 -70 80
3 165 98
3 169 81
3 149 110
0 -147 -144
3 160 47
2 15 -213
4 -92 89
1 218 -17
1 218 -65
4 -97 95
4 -97 68
0 -170 -165
3 157 46
4 -116 92
4 -82 77
1 181 -21
3 163 61
3 151 86
0 -165 -149
4 -90 92
3 155 70
2 -7 -207
1 205 -49
3 168 68
3 159 53
0 -180 -150
2 -11 -207
4 -88 73
1 241 -36
2 -27 -207
4 -87 94
2 14 -205
0 -171 -160
3 157 97
1 210 -46
2 -6 -211
4 -114 81
3 147 107
3 168 59
1 245 -47
1 205 -27
4 -109 81
2 -3 -217
1 211 -60
3 156 52
2 3 -191
0 -164 -146
0 -137 -164
3 163 64
0 -164 -153
2 5 -220
1 219 -44
4 -99 82
1 261 -50
3 171 64
3 164 70
2 -5 -191
1 168 -53
1 208 -38
3 148 132
1 190 -18
3 163 113
1 196 -44
0 -158 -147
1 233 -27
4 -103 80
2 -3 -192
4 -104 80
3 152 102
2 24 -204
2 -23 -196
4 -77 92
0 -161 -142
0 -154 -151
1 207 -34
2 0 -209
2 -11 -202
4 -68 81
4 -85 88
3 157 90
4 -95 73
4 -81 79
2 -16 -220
1 175 -55
1 188 -15
2 1 -207
2 9 -214
3 161 90
1 209 -24
3 165 108
4 -97 76
3 156 82
0 -172 -149
0 -107 -146
4 -97 82
3 164 71
2 -11 -213
3 160 95
2 -12 -200
3 157 89
1 188 -43
1 229 -21
4 -86 86
1 213 -45
1 186 -22
2 -23 -206
4 -96 78
1 225 -14
4 -86 86
0 -164 -145
1 214 -27
0 -121 -155
0 -153 -151
3 159 64
4 -64 83
4 -141 87
0 -194 -164
4 -97 69
2 11 -204
1 209 -40
0 -153 -157
2 -25 -210
0 -128 -145
4 -86 78
4 -116 87
4 -98 84
4 -104 86
3 160 90
4 -86 92
1 206 -30
4 -102 84
0 -140 -152
0 -162 -152
3 162 97
3 158 72
3 165 84
0 -161 -141
4 -99 90
4 -109 77
4 -76 84
2 6 -201
4 -106 84
3 152 84
1 194 -47
0 -181 -144
3 162 60
3 149 62
1 201 -8
0 -189 -142
1 190 -41
3 155 56
1 192 -24
1 208 -12
0 -147 -153
1 225 -22
4 -87 80
2 17 -210
3 155 132
0 -179 -157
1 191 -40
0 -157 -160
1 221 -59
1 216 -23
4 -87 96
2 -6 -213
2 9 -213
1 202 -39
3 166 102
0 -138 -146
4 -119 87
2 -30 -223
4 -92 75
3 155 98
2 13 -203
3 172 61
1 216 -44
1 207 -30
0 -162 -152
3 147 71
3 155 80
1 216 -30
2 -4 -225
3 162 89
1 216 -19
4 -83 92
0 -153 -157
3 155 75
1 218 -61
2 12 -215
2 -13 -209
2 -21 -208
0 -122 -141
4 -143 85
2 9 -218
4 -103 85
3 151 80
0 -145 -146
2 -14 -215
0 -135 -153
4 -100 90
1 203 -27
1 213 -26
2 -22 -205
4 -94 82
0 -155 -150
2 16 -200
0 -149 -142
1 200 -18
1 211 -38
3 167 76
1 227 -24
1 218 -39
1 195 -39
4 -92 84
3 158 80
1 197 -39
0 -146 -144
4 -97 80
2 -29 -197
2 -3 -213
4 -83 74
0 -146 -151
1 198 -36
0 -184 -150
0 -163 -141
3 170 83
0 -139 -145
2 -5 -207
4 -105 82
2 -20 -217
1 225 -28
2 -18 -205
4 -82 77
4 -89 91
0 -151 -141
0 -152 -144
1 199 -21
2 5 -214
0 -158 -131
0 -184 -159
4 -88 85
2 -7 -215
0 -153 -150
1 182 -11
3 164 112
3 164 38
4 -85 73
4 -90 78
0 -126 -154
3 153 72
4 -95 86
1 212 -58
3 156 95
2 19 -203
3 151 90
4 -75 84
2 12 -215
2 13 -209
1 209 -39
2 18 -214
0 -135 -143
0 -163 -145
0 -156 -142
2 6 -210
4 -91 84
2 -18 -216
3 155 78
0 -187 -150
1 212 -28
1 185 -20
4 -73 82
0 -144 -140
1 207 -34
2 -4 -217
3 152 76
3 148 70
0 -169 -145
1 214 -44
3 148 76
3 150 74
3 154 94
4 -86 91
4 -88 89
0 -146 -150
4 -116 83
1 192 -4
4 -88 96
1 202 7
4 -96 84
3 156 67
3 164 78
2 -7 -182
3 162 94
3 165 92
2 -16 -210
0 -169 -155
4 -89 78
4 -91 93
3 152 108
2 4 -198
4 -89 84
3 162 57
0 -184 -149
1 219 -25
1 217 -49
0 -151 -141
1 209 -62
3 164 68
0 -157 -132
0 -202 -139
3 162 72
1 207 -29
2 13 -208
4 -100 90
4 -86 77
2 -10 -203
2 10 -203
0 -136 -138
1 191 -37
0 -147 -147
3 162 89
2 21 -218
0 -150 -142
4 -108 89
1 223 -14
4 -94 89
3 160 119
4 -85 83
4 -66 80
1 202 -28
1 225 -3
1 201 -62
0 -137 -153
3 153 86
2 -10 -199
3 169 76
4 -80 89
4 -104 90
4 -88 89
3 151 103
3 171 63
2 -6 -210
3 163 77
0 -152 -147
3 146 70
3 153 83
4 -95 92
1 202 -42
2 -36 -212
2 1 -203
1 210 -57
4 -89 91
4 -82 92
1 218 -19
3 140 61
1 217 -25
3 133 85
1 205 -24
4 -112 90
0 -150 -156
1 197 -26
1 207 -28
1 223 -26
4 -95 84
2 25 -206
0 -159 -141
2 -16 -186
3 156 64
0 -154 -138
4 -84 89
3 158 76
1 228 -40
0 -137 -147
4 -104 93
3 165 42
4 -88 80
0 -158 -148
3 156 24
3 153 59
1 175 -39
1 201 -17
1 219 -21
1 212 -30
3 170 79
3 141 72
2 -3 -214
3 136 44
2 2 -206
0 -123 -141
4 -87 98
2 -18 -210
3 145 81
3 156 67
3 169 68
4 -97 84
3 149 95
0 -142 -141
0 -166 -143
1 201 -59
1 204 -25
4 -92 85
1 176 -20
3 149 101
0 -178 -138
0 -124 -148
3 157 66
3 145 94
2 9 -192
2 8 -214
0 -138 -149
3 148 77
3 163 90
2 -7 -191
4 -74 85
3 157 86
3 156 84
0 -139 -149
1 187 -15
2 9 -211
1 205 -26
0 -175 -153
3 161 85
4 -108 84
3 166 91
0 -141 -141
2 18 -202
4 -95 82
0 -147 -145
0 -170 -145
2 -17 -218
0 -157 -154
0 -165 -146
3 167 63
2 24 -214
1 210 -13
0 -124 -143
4 -127 86
2 1 -193
1 185 -37
1 241 -53
0 -167 -141
0 -142 -130
3 149 84
1 214 -58
1 232 -7
4 -90 87
2 2 -210
2 -10 -189
1 171 -45
4 -59 79
1 207 -39
4 -90 87
1 186 -13
4 -77 82
3 145 122
1 179 -40
2 -11 -209
4 -86 91
0 -157 -153
4 -104 81
0 -174 -144
2 5 -195
1 226 -3
2 -7 -206
1 196 -17
1 199 -29
0 -154 -150
4 -87 95
0 -156 -138
2 -15 -186
4 -95 76
2 0 -191
3 153 102
0 -154 -148
3 145 73
0 -135 -147
1 200 -9
3 157 74
1 201 -9
3 156 110
3 168 67
3 148 73
4 -97 82
3 153 79
2 13 -207
2 8 -187
4 -98 84
2 5 -211
2 -21 -213
3 170 28
4 -90 85
4 -73 88
4 -101 87
0 -190 -149
0 -121 -144
0 -136 -149
0 -162 -146
1 170 -17
0 -154 -143
4 -96 85
3 147 77
3 150 88
2 -6 -203
1 208 -11
2 -24 -185
4 -62 82
2 42 -210
4 -96 89
0 -193 -145
0 -160 -139
2 -13 -219
2 20 -192
3 161 117
1 207 -48
4 -98 80
2 9 -202
1 175 -30
0 -130 -132
1 221 -21
3 176 122
2 -2 -195
1 196 -20
2 -25 -200
3 156 55
2 6 -194
0 -174 -148
1 217 -17
4 -81 85
4 -85 88
1 230 -24
2 -10 -202
3 140 79
3 157 124
3 169 77
0 -130 -146
0 -135 -141
0 -179 -148
3 163 53
2 -9 -210
1 219 -20
1 195 -25
1 186 -27
2 1 -217
4 -89 80
2 15 -200
4 -78 96
3 150 98
4 -94 98
4 -81 84
1 167 -35
0 -143 -150
3 154 102
3 168 77
2 6 -204
0 -176 -143
3 155 95
1 238 -25
4 -79 87
0 -145 -150
2 -10 -193
4 -105 96
0 -131 -147
1 213 -33
3 144 102
3 161 107
4 -103 90
0 -171 -142
0 -145 -141
4 -83 89
4 -111 90
2 -9 -198
1 221 -23
4 -82 77
0 -153 -147
2 7 -197
4 -108 91
4 -86 78
4 -106 78
1 215 -15
2 -2 -207
2 2 -205
2 -15 -208
4 -49 87
2 20 -198
0 -171 -149
3 149 82
1 223 -3
4 -99 91
0 -170 -145
2 -7 -195
2 -2 -195
1 218 -34
4 -91 86
0 -109 -135
3 155 141
2 1 -206
3 147 78
0 -181 -137
2 -6 -200
4 -98 90
1 203 -41
1 206 -8
4 -78 87
3 144 86
0 -160 -136
0 -123 -155
4 -80 85
1 209 -13
1 189 -51
1 214 -23
3 74 80
3 178 90
2 -10 -193
3 156 97
2 12 -202
1 195 -18
1 192 -32
1 241 -19
3 161 79
3 145 83
0 -151 -150
4 -91 87
3 149 89
4 -81 83
4 -109 84
1 218 -21
3 155 68
1 201 -25
4 -89 87
0 -161 -140
2 -34 -190
4 -105 103
3 147 101
3 175 119
2 0 -215
0 -157 -138
2 -3 -214
3 162 88
1 231 -25
3 151 71
4 -104 89
3 177 66
3 159 95
4 -93 88
3 164 89
4 -81 101
2 -5 -196
4 -82 92
2 -7 -200
2 0 -211
0 -142 -137
4 -134 90
0 -138 -142
1 255 -27
1 200 -7
4 -83 78
3 150 66
1 176 -21
4 -73 98
3 147 77
4 -94 88
3 157 71
2 -2 -209
0 -183 -139
0 -141 -147
2 -9 -189
1 228 -47
3 160 48
4 -109 87
4 -74 97
3 146 54
3 162 70
3 150 85
2 -14 -196
0 -151 -163
2 2 -203
2 24 -193
3 143 100
0 -134 -141
1 167 -15
4 -110 88
4 -93 98
2 11 -220
2 10 -195
4 -103 87
4 -99 91
3 146 98
3 149 74
1 223 8
2 -7 -212
3 163 88
4 -102 91
1 191 -19
1 208 5
1 226 -3
4 -73 205
4 -63 84
2 -2 -197
0 -172 -137
1 188 -38
4 -71 95
2 1 -207
1 184 -34
3 151 114
2 13 -200
4 -117 89
2 -8 -202
0 -150 -148
0 -152 -139
3 174 95
2 1 -204
3 155 114
0 -162 -146
4 -73 90
2 4 -197
0 -132 -148
3 168 103
3 148 106
3 157 87
2 14 -198
0 -145 -144
1 206 1
1 224 -38
4 -92 92
4 -68 87
2 2 -200
1 216 -34
4 -101 84
0 -144 -142
3 160 119
3 168 92
3 165 52
0 -150 -147
0 -162 -138
3 144 139
0 -163 -145
3 159 55
0 -133 -137
1 201 -38
0 -172 -152
1 226 -10
0 -118 -129
4 -93 88
2 -3 -211
2 13 -204
2 -3 -171
4 -90 95
2 -22 -206
0 -123 -133
1 215 -23
1 232 -44
0 -154 -141
2 -14 -202
2 7 -204
2 -7 -193
4 -86 90
2 19 -202
2 6 -181
2 -30 -203
2 8 -203
4 -92 98
4 -110 93
1 217 -37
4 -78 89
3 162 73
0 -145 -145
2 26 -199
2 -11 -191
2 -6 -188
0 -155 -132
4 -90 84
0 -184 -139
3 168 82
0 -193 -135
2 -11 -208
0 -176 -131
2 13 -196
4 -84 92
4 -89 85
2 11 -207
3 152 102
1 178 -8
1 188 -38
1 216 -53
0 -106 -128
4 -97 87
1 220 2
3 136 98
2 1 -191
1 241 -46
4 -77 87
0 -174 -137
3 167 40
4 -107 91
0 -158 -140
3 167 46
0 -161 -137
1 212 -11
3 162 68
4 -111 98
1 220 -29
4 -83 101
3 154 71
1 172 -16
1 224 -22
4 -101 85
3 151 77
1 189 -27
0 -148 -147
3 157 68
3 164 58
1 190 -7
1 209 -32
2 5 -198
0 -170 -144
3 155 72
0 -161 -148
3 176 74
0 -148 -134
2 14 -194
2 -14 -208
2 -3 -190
2 -6 -210
3 144 82
2 22 -199
0 -118 -138
0 -139 -146
2 3 -191
0 -145 -139
4 -89 93
4 -97 90
3 184 77
3 155 53
3 161 100
2 1 -210
2 -10 -206
4 -62 83
4 -107 95
3 162 114
0 -154 -147
3 147 95
2 16 -189
1 201 -27
2 15 -192
2 -7 -197
3 162 76
0 -149 -145
3 149 87
2 36 -212
4 -123 96
1 191 -34
4 -74 87
1 203 -19
3 153 93
3 154 84
1 205 -32
0 -153 -134
2 9 -204
2 3 -203
2 -11 -191
4 -86 90
3 135 54
0 -162 -137
2 -14 -181
3 170 76
3 150 70
3 173 77
2 -7 -213
2 4 -192
0 -161 -142
0 -168 -152
1 181 -31
3 150 99
2 -11 -201
2 20 -195
2 16 -203
1 189 -14
2 6 -188
1 222 -52
3 159 47
0 -152 -152
0 -154 -141
2 6 -195
2 -9 -182
2 11 -212
4 -65 91
0 -112 -146
4 -100 82
2 3 -216
3 146 95
2 -6 -195
4 -90 86
0 -158 -144
4 -98 94
3 149 91
0 -99 -139
3 151 46
3 155 63
0 -135 -132
2 32 -196
2 2 -193
2 -27 -200
2 19 -197
3 144 75
4 -70 93
4 -76 95
4 -99 96
2 9 -209
1 211 -43
4 -70 95
4 -72 80
1 210 -31
4 -78 95
4 -117 87
2 -35 -185
0 -116 -148
3 152 83
4 -100 100
0 -173 -133
4 -113 92
1 176 -28
2 8 -194
4 -77 89
0 -113 -135
0 -152 -143
3 154 117
1 200 -36
1 192 -38
4 -81 97
3 151 97
3 163 69
0 -141 -127
4 -75 85
1 204 -37
0 -154 -149
4 -89 87
2 26 -195
0 -113 -136
4 -82 92
1 205 -27
2 -9 -204
3 154 91
1 200 -46
1 206 -9
4 -74 100
4 -79 87
1 188 -33
3 147 64
3 169 94
3 154 58
0 -157 -141
1 200 -35
1 230 -24
1 229 -17
2 41 -197
0 -141 -130
2 17 -221
4 -114 106
1 193 -11
4 -76 105
4 -94 97
2 -2 -190
0 -135 -137
1 200 -24
4 -91 96
3 158 122
4 -87 99
2 -28 -193
0 -160 -129
4 -83 94
1 190 -12
3 150 50
0 -167 -132
4 -57 90
2 2 -207
3 157 101
1 175 -12
0 -141 -145
4 -76 88
4 -90 95
2 -5 -205
0 -146 -131
3 146 91
1 219 -37
3 147 58
4 -85 96
4 -53 93
2 4 -193
0 -188 -133
2 4 -198
2 -5 -192
0 -152 -138
4 -82 98
3 166 77
4 -99 95
0 -141 -124
2 -8 -208
0 -141 -139
3 164 68
1 175 -42
4 -96 98
3 159 81
2 -20 -196
0 -153 -138
1 226 -22
1 213 -25
2 24 -193
0 -149 -133
4 -101 102
1 229 -10
2 8 -197
3 176 84
3 169 110
0 -125 -133
4 -85 91
4 -118 100
3 156 71
3 156 72
2 -4 -191
1 221 -28
3 170 65
4 -96 103
4 -67 99
0 -120 -134
1 217 -30
3 170 92
1 194 -15
0 -156 -128
0 -133 -130
2 -6 -194
0 -123 -130
4 -85 94
2 26 -204
3 162 100
2 -15 -208
1 221 -42
4 -71 94
1 195 -44
4 -69 87
2 -13 -192
1 189 -30
2 -27 -197
2 3 -190
2 29 -199
3 168 95
1 225 -26
3 146 94
1 203 -30
4 -69 93
3 168 68
3 153 76
1 208 -57
3 162 110
2 -17 -183
1 187 -77
1 195 -28
3 156 97
3 170 83
2 2 -196
1 222 -36
4 -88 87
0 -168 -134
1 198 -46
0 -125 -147
3 150 98
3 150 106
0 -146 -143
0 -146 -137
2 4 -206
4 -115 84
1 196 -37
0 -89 -145
1 216 -11
4 -88 88
1 186 -38
2 14 -190
1 187 -34
2 2 -200
2 -13 -192
1 192 -18
4 -124 90
0 -125 -136
4 -92 93
4 -109 100
1 210 -55
1 177 -27
3 158 86
4 -94 87
3 157 77
1 214 -20
2 4 -197
0 -163 -132
2 7 -198
4 -102 97
2 8 -193
4 -79 93
0 -113 -143
4 -107 91
2 9 -184
3 154 76
3 165 82
0 -154 -125
4 -75 101
3 161 109
4 -73 89
0 -131 -150
0 -153 -143
2 10 -196
0 -131 -148
3 167 73
0 -135 -139
0 -162 -153
3 167 67
0 -105 -123
2 -2 -181
4 -83 101
0 -138 -134
3 160 78
4 -89 93
2 22 -186
4 -98 95
1 213 -28
3 150 65
4 -98 87
0 -131 -141
0 -152 -126
2 -36 -214
0 -118 -139
2 11 -184
0 -158 -130
4 -65 96
4 -74 94
4 -106 96
4 -81 91
2 5 -191
4 -78 103
3 169 87
1 220 -28
2 14 -208
0 -164 -142
4 -84 104
4 -112 95
2 7 -204
4 -97 89
2 0 -194
4 -77 98
4 -87 99
1 192 -39
0 -154 -137
0 -150 -149
4 -78 100
2 -3 -198
2 -1 -190
2 5 -193
2 3 -197
0 -132 -139
1 201 -31
3 152 78
1 225 -43
4 -71 90
4 -88 89
3 149 103
2 13 -180
1 233 -58
1 175 -20
1 210 -8
0 -140 -140
3 158 97
4 -75 98
3 161 64
3 147 73
0 -174 -136
1 221 -38
1 217 -28
0 -295 -138
4 -92 103
4 -84 92
1 221 -39
1 241 -50
0 -171 -149
4 -84 93
2 5 -197
4 82 103
3 161 113
3 150 107
2 38 -192
3 150 55
0 -132 -140
1 193 11
4 -87 106
2 18 -178
4 -84 93
1 214 -43
4 -73 89
3 165 81
2 45 -207
0 -179 -135
1 185 -18
1 204 -39
3 157 123
3 161 78
1 204 -16
1 204 -18
2 5 -189
2 1 -187
3 145 105
4 -91 86
4 -99 100
3 161 73
4 -87 91
1 217 -32
2 12 -184
3 151 92
4 -90 97
1 199 -8
0 -170 -135
1 175 -51
3 148 93
2 -16 -202
0 -169 -139
0 -139 -137
3 162 99
0 -145 -150
1 197 -19
2 13 -195
2 49 -202
3 155 106
2 15 -175
0 -141 -137
0 -139 -125
4 -89 93
2 27 -194
1 190 -42
1 208 -15
4 -83 98
2 35 -207
3 146 113
2 17 -203
4 -76 101
3 155 101
3 169 100
1 203 -48
1 187 -24
2 12 -188
0 -163 -129
2 20 -185
2 7 -191
2 -29 -197
4 -85 110
0 -172 -129
1 208 -33
3 154 106
0 -107 -137
2 23 -197
1 195 -23
4 -81 93
4 -99 91
0 -142 -125
4 -98 98
4 -60 100
4 -80 102
3 172 60
0 -136 -126
4 -98 100
0 -125 -143
1 208 -50
3 156 121
2 16 -187
0 -147 -134
4 -80 89
3 166 47
4 -91 86
4 -82 98
3 154 63
0 -166 -126
2 5 -203
4 -95 98
0 -151 -145
3 160 78
1 224 -25
3 157 122
2 9 -200
2 41 -197
3 160 84
4 -91 94
2 10 -190
1 216 -29
2 -17 -197
2 -23 -175
1 196 3
0 -166 -133
3 161 71
2 3 -195
1 194 -45
3 163 88
1 211 -27
2 9 -202
1 198 -41
4 -72 100
2 -13 -201
3 147 97
3 166 37
4 -95 99
0 -147 -139
3 166 56
3 149 73
2 10 -193
2 -8 -198
1 213 -40
2 -13 -183
0 -170 -133
0 -131 -133
0 -145 -136
3 167 90
3 155 93
0 -156 -141
2 -1 -189
4 -86 104
0 -140 -134
0 -129 -134
0 -125 -133
4 -75 98
3 143 46
4 -87 94
1 242 -36
3 162 74
3 168 28
2 -10 -189
1 220 -32
4 -71 102
4 -72 102
0 -152 -138
4 -90 101
2 15 -188
0 -131 -135
4 -87 98
1 224 -47
2 22 -172
2 -1 -203
2 6 -198
1 165 -22
2 36 -186
4 -82 101
1 226 -3
1 220 -29
0 -141 -130
3 161 104
3 140 72
2 -14 -192
1 205 -11
2 33 -203
0 -135 -137
4 -91 104
0 -131 -139
0 -125 -132
4 -46 97
1 168 -15
4 -120 97
0 -147 -131
2 -15 -204
2 8 -204
2 3 -197
3 160 62
0 -140 -131
3 141 65
0 -159 -129
4 -77 103
0 -143 -139
0 -166 -124
4 -74 106
3 164 53
3 164 117
4 -67 100
0 -125 -142
3 149 76
0 -157 -126
3 156 80
1 211 -52
4 -67 101
3 168 89
2 1 -199
4 -83 100
4 -104 98
0 -138 -130
0 -119 -132
2 6 -193
2 12 -201
1 215 -63
3 152 88
3 150 58
1 204 -33
2 18 -200
1 198 -46
2 21 -174
4 -69 93
2 34 -182
1 203 -52
4 -88 97
1 202 -42
0 -141 -138
3 147 100
2 32 -191
3 171 101
0 -153 -141
0 -152 -133
2 -7 -193
0 -146 -143
3 156 93
4 -86 101
2 12 -187
3 154 59
0 -125 -132
1 179 -12
0 -127 -136
0 -148 -117
4 -64 98
4 -58 101
0 -158 -138
1 202 -32
1 227 -45
1 193 -10
4 -84 91
2 16 -196
0 -131 -128
0 -122 -130
2 4 -191
4 -93 95
1 170 -24
1 221 -28
2 -12 -201
2 -5 -185
3 158 114
3 153 100
4 -127 99
1 199 7
3 146 89
2 -1 -201
4 -87 96
1 225 -38
4 -113 97
3 155 98
3 165 84
2 0 -196
1 185 -44
0 -167 -142
1 199 -8
4 -95 96
4 -63 99
1 200 -9
4 -63 99
0 -136 -129
3 170 92
3 152 33
1 233 -22
4 -63 107
0 -151 -132
3 159 107
0 -142 -135
4 -84 99
4 -87 97
0 -144 -129
1 200 -33
0 -165 -141
3 155 51
4 -60 100
4 -73 100
2 37 -178
0 -147 -132
0 -142 -128
4 -94 104
1 232 -33
0 -172 -137
1 194 -2
1 242 -34
0 -169 -140
0 -132 -118
1 188 -27
4 -91 99
0 -166 -118
2 13 -189
3 145 62
3 150 67
0 -120 -135
3 171 93
2 38 -195
2 18 -179
3 158 74
0 -104 -131
0 -188 -129
3 147 122
2 4 -208
1 222 -30
2 15 -183
0 -147 -124
0 -147 -133
1 208 -11
0 -141 -138
3 166 84
1 206 -18
3 159 69
0 -158 -127
4 -75 102
3 157 86
4 -59 94
4 -70 96
2 14 -191
4 -83 94
0 -122 -133
0 -164 -136
2 41 -187
3 145 74
4 -77 101
1 192 -27
2 -20 -188
3 144 131
0 -121 -135
2 16 -195
4 -67 90
4 -91 94
3 165 118
2 8 -186
3 161 76
3 180 43
4 -38 102
3 157 64
1 230 -24
2 -8 -198
0 -134 -124
4 -98 109
2 9 -203
1 192 -43
2 1 -198
1 194 -29
2 -6 -189
3 160 89
4 -68 98
2 -14 -199
3 165 89
3 181 39
1 193 -30
4 -69 92
3 148 77
3 162 77
3 152 64
2 17 -179
4 -55 93
0 -124 -127
1 228 -34
2 -2 -186
1 235 -16
2 -5 -183
2 32 -186
0 -142 -136
3 155 130
4 -89 103
2 2 -195
1 223 -31
3 160 25
4 -90 101
0 -136 -141
4 -88 99
1 210 -40
3 145 82
4 -77 104
2 19 -196
1 212 -21
0 -136 -136
0 -129 -128
3 135 57
1 235 -33
0 -159 -122
1 175 -12
3 158 70
3 147 72
0 -140 -134
0 -129 -136
3 157 114
0 -116 -128
4 -73 100
0 -122 -127
3 161 73
1 184 -7
1 212 -27
0 -130 -130
2 23 -181
4 -59 99
2 29 -175
3 163 96
1 198 -38
2 -9 -192
1 214 -19
2 22 -196
2 49 -189
1 194 -38
2 15 -194
1 202 -30
0 -153 -137
2 9 -188
4 -94 107
1 170 -41
1 211 -7
3 162 73
3 164 94
2 8 -181
4 -54 94
3 155 65
0 -106 -137
2 5 -183
3 170 81
1 200 -2
4 -104 103
2 7 -194
0 -146 -137
2 47 -187
4 -105 -4
4 -78 94
2 43 -201
4 -84 108
2 34 -192
2 24 -191
3 151 88
1 217 -24
0 -131 -130
0 -147 -134
4 -77 104
3 152 98
4 -94 106
3 162 84
1 180 -46
3 158 97
4 -98 104
0 -173 -123
4 -78 109
0 -155 -128
0 -108 -120
4 -88 109
1 187 -19
4 -53 103
4 -49 103
1 212 -16
4 -55 115
4 -79 100
2 -14 -187
1 213 -47
0 -143 -139
4 -65 103
3 159 69
1 216 -21
2 3 -183
3 170 87
0 -155 -130
3 169 71
2 10 -185
3 153 71
4 -97 100
1 197 -3
0 -161 -129
4 -99 101
3 159 74
4 -101 110
3 160 48
2 23 -180
1 199 -36
2 16 85
1 199 -9
3 153 69
3 160 84
1 213 -52
0 -116 -128
4 -94 98
0 -127 -134
2 39 -176
4 -70 106
1 193 -20
1 236 -4
0 -128 -131
3 148 69
1 198 -9
4 -58 95
1 218 -27
4 -71 111
3 164 95
3 151 123
4 -97 107
0 -177 -125
2 29 -191
1 228 -40
1 218 -32
0 -130 -123
1 221 -42
3 144 105
0 -143 -129
0 -143 -118
2 13 -194
0 -147 -131
3 154 59
4 -57 104
0 -139 -119
0 -145 -131
4 -70 104
4 -80 104
1 225 -6
0 -180 -119
3 172 66
3 160 73
4 -61 106
0 -148 -125
3 172 93
3 159 86
4 -61 100
0 -170 -134
4 -91 97
0 -133 -135
4 -84 102
4 -82 97
3 164 76
1 217 -31
1 195 -28
3 155 72
3 169 77
1 199 -56
1 202 -15
3 168 106
1 186 -23
3 145 91
0 -97 -142
1 223 -49
4 -81 101
3 156 69
3 165 62
1 254 -10
1 219 -38
1 241 -30
2 2 -191
0 -162 -128
2 3 -193
1 220 -36
3 161 76
4 -61 97
0 -128 -119
3 169 95
4 -85 103
2 25 -193
4 -79 98
0 -143 -131
4 -73 95
4 -81 97
0 -125 -124
4 -71 104
2 25 -187
0 -158 -126
3 163 73
3 170 71
4 -82 106
3 160 71
3 157 68
0 -146 -130
4 -71 107
0 -109 -116
1 178 -9
1 211 -29
4 -74 98
0 -128 -120
2 -16 -189
2 4 -196
1 233 -8
2 27 -182
0 -139 -130
4 -79 99
2 25 -191
3 163 69
4 -99 110
3 149 100
3 163 56
1 180 -30
1 202 -22
2 19 -189
3 138 93
4 -83 102
0 -115 -133
1 205 -37
2 20 -188
2 -1 -184
3 139 83
2 29 -197
0 -197 -125
3 159 92
3 157 60
4 -82 99
0 -147 -119
3 150 92
2 17 -189
0 -128 -137
3 159 69
2 1 -189
0 -151 -140
3 163 81
1 225 -10
1 225 -23
1 180 -45
0 -159 -146
3 148 57
1 182 -5
1 201 -15
2 18 -183
0 -141 -127
4 -85 90
1 189 -46
4 -80 113
0 -119 -132
1 178 -9
2 19 -198
3 161 112
4 -110 102
2 4 -181
4 -79 102
1 231 -33
1 192 -48
2 14 -168
1 178 -60
0 -159 -129
0 -158 -124
2 23 -185
1 228 -35
2 21 -198
0 -151 -134
3 153 84
0 -163 -135
0 -128 -121
0 -137 -118
1 180 -32
1 187 -30
3 158 92
0 -128 -134
1 217 -28
0 -144 -131
1 195 -8
3 165 63
4 -79 102
2 4 -195
2 22 -195
2 17 -182
2 8 -192
3 148 61
3 162 58
0 -143 -129
3 149 100
3 165 97
4 -97 108
4 -67 104
1 182 -19
4 -88 105
4 -93 105
2 3 -199
4 -81 94
3 155 69
0 -137 -130
4 -79 99
1 258 -24
3 143 91
1 198 8
4 -116 99
2 -13 -171
2 3 -182
1 214 -34
0 -163 -127
4 -65 102
1 215 -16
4 -76 108
3 144 67
1 206 -27
4 -88 92
2 28 -177
2 44 -190
1 199 -26
1 220 -55
2 9 -196
0 -175 -122
1 192 -20
0 -127 -110
1 209 -19
1 256 -30
0 -145 -138
3 167 79
0 -115 -125
3 159 64
2 0 -183
1 225 -62
4 -105 101
2 8 -199
3 161 77
0 -143 -131
0 -124 -119
4 -87 95
0 -190 -134
2 21 -187
0 -149 -119
4 -92 107
2 3 -184
3 151 65
1 171 -55
0 -132 -119
2 23 -178
1 187 18
0 -154 -136
0 -151 -121
4 -58 106
1 208 6
0 -149 -123
2 5 -184
3 168 78
2 19 -183
1 208 -20
1 210 -23
0 -133 -123
4 -72 106
1 176 -25
3 155 89
1 208 -45
1 210 -38
2 -9 -176
2 11 -180
3 160 104
2 8 -184
0 -153 -129
4 -66 107
1 225 -28
1 213 -16
2 21 -196
0 -192 -119
0 -119 -126
1 166 -31
4 -89 96
3 144 86
1 166 -57
1 217 -10
4 -77 96
0 -127 -129
0 -178 -126
4 -90 112
2 25 -186
3 153 35
0 -159 -118
4 -61 108
3 146 86
2 36 -189
1 204 1
3 157 117
0 -108 -116
2 21 -181
4 -92 106
0 -142 -133
2 30 -169
0 -129 -135
2 2 -188
2 11 -193
2 11 -193
1 214 -48
0 -165 -119
1 254 -12
3 161 55
4 -76 105
0 -110 -140
3 156 54
2 16 -202
1 235 -27
0 -150 -132
0 -116 -126
4 -80 106
0 -149 -120
3 149 80
0 -105 -136
4 -63 101
3 166 88
1 232 -20
2 24 -179
3 160 105
0 -155 -130
2 35 -192
3 160 107
0 -162 -135
0 -151 -135
2 20 -177
4 -76 100
1 187 -48
3 155 84
0 -150 -111
3 160 84
1 206 -26
2 -11 -296
0 -125 -127
3 145 79
4 -85 98
4 -85 94
4 -85 105
0 -133 -116
0 -183 -120
4 -86 99
1 225 -34
0 -142 -138
2 31 -191
3 154 123
4 -90 114
3 159 100
1 203 -16
4 -68 105
4 -69 104
2 32 -171
0 -156 -117
2 5 -185
4 -88 93
1 172 -39
2 42 -168
0 -134 -124
1 212 -26
2 1 -184
1 204 -42
1 202 -47
3 139 114
2 10 -187
3 145 91
4 -69 105
2 27 -196
4 -50 105
1 214 -23
1 191 17
4 -88 116
2 16 -181
0 -135 -134
1 204 -7
0 -109 -125
2 8 -171
0 -136 -111
0 -134 -126
2 43 -185
3 164 40
2 0 -192
3 152 81
4 -87 93
2 15 -183
3 163 60
0 -134 -127
0 -133 -125
4 -104 100
1 202 -30
0 -132 -119
4 -89 104
3 168 84
2 3 -172
2 17 -182
3 157 80
2 35 -184
2 8 -182
0 -132 -117
4 -78 113
4 -83 105
0 -127 -123
2 25 -171
2 23 -182
2 12 -184
2 21 -196
4 -94 109
1 230 -17
2 19 -188
0 -137 -120
3 160 85
4 -56 112
0 -126 -122
2 16 -183
3 155 52
2 -15 -202
4 -78 103
3 156 87
1 209 -19
3 149 100
0 -122 -132
2 27 -185
3 157 112
1 196 -23
3 146 74
1 197 -13
4 -65 113
1 197 -51
2 14 -188
0 -149 -128
1 215 -55
1 220 -3
2 -41 -196
0 -154 -136
4 -91 113
0 -118 -122
4 -86 110
3 -31 66
0 -150 -135
3 158 89
0 -117 -138
3 161 93
1 232 -35
2 37 -172
2 18 -184
3 158 102
1 194 -31
1 206 -16
3 166 92
1 182 -39
3 159 59
4 -52 108
0 -129 -112
4 -60 110
2 53 -164
0 -137 -131
4 -55 111
0 -120 -134
3 163 78
4 -76 110
3 164 79
3 161 112
3 147 112
1 189 -25
2 -5 -198
1 227 -37
3 164 54
0 -133 -131
3 146 90
2 20 -174
2 14 -194
2 16 -179
0 -126 -115
1 202 -10
1 193 -28
2 17 -191
3 154 97
0 -138 -136
0 -110 -115
4 -64 105
0 -132 -136
1 179 -42
1 237 -27
4 -95 110
4 -69 106
3 155 99
4 -65 107
0 -135 -123
0 -122 -126
0 -137 -120
2 1 -194
0 -140 -118
4 -70 115
2 25 -184
1 197 -49
2 28 -196
0 -150 -128
4 -61 100
0 -155 -125
3 162 74
2 -3 -181
3 152 78
2 -5 -182
3 153 62
3 153 53
0 -132 -129
0 -148 -125
4 -71 108
1 240 -17
1 205 -38
3 144 55
0 -142 -131
3 158 89
3 172 100
4 -97 110
1 205 -17
0 -143 -122
4 -57 115
4 -85 106
0 -112 -124
2 23 -177
3 164 92
4 -53 102
3 152 103
2 21 -174
1 198 -36
3 159 91
3 149 81
1 203 -21
4 -58 112
4 -91 114
3 162 66
3 156 72
3 153 96
3 151 52
0 -122 -125
3 145 82
0 -145 -124
1 188 -53
0 -126 -123
1 223 -34
4 -71 105
0 -101 -125
0 -116 -114
1 186 -32
1 193 -36
4 -92 103
1 244 -40
0 -135 -106
4 -74 102
4 -82 108
3 162 88
0 -102 -126
3 146 106
0 -141 -131
0 -127 -128
4 -70 111
4 -62 104
1 221 3
1 210 -18
3 154 76
0 -118 -124
0 -163 -115
2 12 -180
0 -133 -117
3 159 106
2 12 -186
1 205 -37
0 -119 -127
2 22 -186
4 -91 105
1 223 -26
3 159 67
1 220 -21
2 -7 -173
4 -81 109
1 204 -15
4 -90 105
2 13 -174
0 -145 -112
3 145 93
3 152 95
3 146 73
3 159 74
1 213 -67
1 194 -23
0 -164 -132
3 152 33
3 166 82
0 -142 -121
4 -79 108
3 153 65
3 139 109
1 208 -41
1 200 -20
3 154 68
3 146 42
1 203 -39
4 -64 110
2 30 -177
4 -55 114
2 19 -185
4 -64 105
4 -71 105
2 15 -176
1 229 -26
1 188 -51
2 16 -175
4 -67 110
2 23 -179
2 34 -182
2 6 -185
1 188 -54
0 -114 -118
3 166 73
0 -136 -137
1 167 -34
1 212 -23
2 23 -180
2 9 -180
1 194 -18
0 -145 -116
3 167 82
3 161 90
4 -42 112
2 19 -186
4 -82 106
4 -82 105
0 -131 -118
1 209 -12
1 202 -12
1 209 -23
2 32 -167
2 -13 -174
3 174 77
3 161 81
1 213 -25
4 -60 115
4 -50 106
3 156 87
1 212 -46
3 144 104
0 -144 -130
0 -127 -112
4 -76 108
2 32 -186
2 30 -182
2 36 -177
4 -65 109
2 28 -176
0 -131 -123
0 -150 -127
2 17 -180
1 217 -25
1 193 -32
0 -130 -126
2 33 -177
4 -80 107
1 210 10
0 -123 -125
2 11 -186
4 -78 110
4 -89 113
0 -122 -116
0 -145 -121
1 220 -19
3 155 119
0 -165 -124
1 228 -54
0 -104 -122
1 236 -41
0 -120 -126
3 173 71
4 -65 109
3 161 69
2 28 -186
2 14 -189
3 154 98
0 -129 -133
4 -74 109
1 178 -16
2 -2 -184
1 201 -52
0 -157 -125
3 153 121
3 161 84
0 -108 -128
4 -57 100
4 -93 115
4 -82 111
4 -81 109
1 217 -29
0 -156 -126
0 -106 -118
0 -156 -113
2 40 -179
0 -138 -111
2 15 -189
4 -70 114
0 -109 -133
1 187 -27
4 -73 106
2 21 -178
4 -88 109
3 165 77
2 47 -183
2 12 -176
3 161 59
0 -133 -120
1 215 -25
4 -73 111
4 -82 110
0 -111 -124
1 198 -15
3 148 79
3 155 94
3 154 89
2 8 -182
3 171 54
1 200 -17
4 -78 105
1 200 -13
1 216 -36
2 8 -172
0 -126 -118
3 158 77
2 32 -184
2 14 -190
2 20 -194
3 173 102
2 34 -182
1 207 2
3 154 88
4 -51 112
2 29 -180
1 173 -5
4 -65 116
3 149 72
0 -133 -117
1 219 -51
2 23 -185
2 64 -177
4 -67 114
1 197 -44
4 -74 114
3 169 80
2 9 -169
4 -80 107
2 20 -183
2 34 -182
1 199 -37
4 -63 109
4 -74 115
3 156 30
0 -128 -132
2 74 -190
1 228 -9
3 172 103
2 22 -170
2 15 -171
3 148 72
2 8 -185
2 8 -185
0 -105 -117
2 54 -188
3 146 60
2 0 -180
1 231 -68
1 186 -25
0 -141 -138
0 -131 -129
4 -84 111
4 -69 110
0 -143 -120
0 -107 -125
2 36 -186
0 -140 -125
0 -111 -118
4 -50 119
3 162 86
0 -136 -107
1 211 -41
2 8 -182
3 147 93
0 -109 -123
4 -81 116
4 -80 118
0 -96 -135
3 152 84
4 -98 104
4 -77 103
1 220 -23
3 174 97
3 149 71
1 169 -11
1 199 -40
4 -77 119
2 31 -181
2 27 -177
0 -137 -120
4 -42 106
3 164 58
4 -91 112
0 -106 -118
0 -147 -124
4 -90 110
1 228 -64
1 214 -21
4 -81 114
0 -138 -126
3 159 85
1 191 -13
3 152 86
0 -173 -120
4 -71 106
2 37 -177
3 153 78
2 24 -72
4 -64 118
1 193 -15
1 188 -25
2 40 -179
1 205 -29
4 -63 112
2 32 -176
0 -111 -122
4 -71 106
0 -147 -132
4 -63 108
4 -70 110
3 151 73
3 144 79
4 -60 116
3 168 61
1 197 -51
3 185 72
4 -49 106
2 22 -174
2 12 -177
3 163 56
0 -143 -125
4 -58 111
4 -69 117
3 163 113
4 -66 109
0 -130 -137
2 38 -187
3 166 99
1 226 6
1 204 -25
0 -127 -129
0 -137 -115
1 195 -39
2 28 -182
2 37 -186
4 -99 109
4 -47 118
4 -67 124
2 18 -171
0 -133 -118
1 224 -41
1 230 -22
4 -75 110
2 30 -177
0 -135 -123
1 202 -6
0 -140 -122
3 151 78
1 185 -34
1 209 -16
4 -86 122
1 189 -50
4 -88 106
4 -80 112
2 30 -175
2 35 -187
0 -129 -114
0 -121 -132
1 170 -22
3 162 73
1 211 -31
2 -8 -192
2 42 -166
1 206 -41
1 197 -44
2 32 -180
1 214 -9
3 148 39
1 211 -35
4 -62 118
3 146 60
4 -71 112
0 -110 -124
4 -74 111
2 24 -167
3 171 91
3 165 98
3 138 111
1 204 -31
2 -7 -181
2 32 -183
1 216 -24
2 5 -177
2 5 -179
0 -135 -110
4 -54 108
1 187 -37
2 25 -179
0 -126 -117
4 -77 104
4 -74 106
2 45 -193
0 -135 -108
1 201 -11
0 -110 -120
0 -128 -115
0 -95 -122
1 217 -38
3 161 68
0 -134 -125
2 18 -177
3 163 95
3 156 105
4 -72 107
4 -48 116
2 33 -181
2 0 -179
0 -147 -129
1 198 -24
3 162 71
0 -138 -124
1 217 -31
1 203 -8
4 -56 116
3 174 103
4 -37 115
0 -113 -113
0 -103 -125
0 -127 -122
3 136 96
3 169 55
0 -133 -124
2 45 -184
3 160 110
0 -159 -133
3 152 66
4 -71 116
4 -72 112
3 165 56
0 -147 -114
4 -88 113
1 226 -40
0 -133 -119
4 -61 113
1 195 -55
2 53 -183
1 182 -2
2 43 -185
2 40 -173
1 175 -55
4 -37 115
3 169 61
3 176 80
1 198 -19
2 2 -171
4 -48 109
3 174 23
1 209 -16
3 154 91
4 -62 119
4 -72 116
2 44 -176
3 155 93
4 -38 111
2 39 -186
1 219 -35
1 205 -50
0 -151 -115
0 -116 -117
4 -70 116
0 -113 -119
3 159 55
1 184 -39
4 -67 115
1 176 -41
3 169 100
1 188 -17
2 40 -184
2 27 -161
2 14 -163
1 210 -32
0 -102 -121
4 -76 115
3 162 78
1 164 -41
4 -73 157
2 -6 -173
4 -80 119
0 -134 -114
2 29 -164
2 37 -177
3 146 93
0 -144 -120
3 165 80
2 8 -165
0 -142 -119
4 -35 116
4 -56 113
1 195 -33
4 -45 112
4 -75 110
2 35 -173
3 154 97
2 13 -166
1 178 -17
4 -84 117
1 244 -41
4 -44 114
4 -68 114
2 29 -151
3 154 62
3 154 91
3 174 93
2 13 -189
0 -153 -110
4 -69 120
3 173 88
0 -140 -117
3 150 74
2 11 -177
3 152 58
4 -77 113
4 -84 115
4 -86 109
3 141 64
1 205 -15
4 -51 113
3 166 83
1 217 -22
1 218 -51
4 -42 123
1 257 -28
1 226 -22
4 -97 115
2 10 -181
0 -113 -116
4 -75 116
0 -111 -109
0 -134 -106
0 -144 -118
4 -79 110
2 22 -180
4 -47 114
1 213 -27
0 -145 -117
0 -143 -105
3 168 57
1 212 -26
0 -140 -112
3 140 60
0 -147 -107
0 -123 -121
0 -129 -112
3 156 82
1 186 -50
4 -47 110
4 -71 113
0 -128 -114
0 -123 -105
2 49 -186
3 161 110
1 221 -14
2 28 -187
3 157 80
4 -48 109
4 -79 116
3 163 56
0 -163 -113
4 -75 113
2 25 -190
3 160 74
3 165 94
0 -149 -118
0 -143 -124
0 -107 -115
2 25 -171
1 223 -18
2 32 -176
0 -138 -125
1 173 -27
0 -137 -107
3 159 88
1 205 -18
3 155 62
0 -137 -120
3 169 71
3 152 86
0 -136 -129
4 -46 110
4 -67 118
1 216 -26
1 230 -44
0 -124 -121
1 183 -30
2 26 -189
3 165 109
3 162 74
1 190 -27
2 38 -188
4 -90 114
2 35 -169
3 144 70
4 -69 116
2 25 -166
0 -130 -107
1 187 -56
0 -122 -115
2 36 -173
3 156 82
2 15 -171
2 32 -184
0 -138 -115
3 161 129
1 207 -16
2 34 -173
1 187 -17
1 209 -26
0 -129 -119
0 -117 -106
1 213 3
0 -119 -124
4 -24 121
3 169 92
0 -116 -126
3 169 94
0 -182 -112
2 34 -177
0 -85 -112
0 -142 -129
3 146 82
3 142 61
0 -132 -116
1 187 -34
1 220 -9
2 46 -173
2 7 -166
2 43 -188
4 -65 119
3 162 90
3 157 89
2 10 -182
4 -74 117
0 -93 -125
2 28 -188
1 207 1
4 -35 120
3 165 102
1 195 -45
3 160 50
2 22 -169
4 -86 113
2 32 -166
4 -52 111
0 -115 -129
4 -70 115
2 25 -177
0 -89 -107
2 34 -162
1 160 -18
0 -143 -115
2 12 -179
2 20 -183
3 160 74
4 -64 115
4 -55 106
1 215 -16
3 157 116
1 202 -50
3 157 50
2 9 -184
1 218 -44
3 139 75
1 177 -28
3 149 63
1 207 -37
4 -64 115
3 156 98
3 173 78
4 -56 120
1 182 -36
1 227 -27
2 54 -171
4 -69 115
1 192 -22
0 -142 -125
4 -83 116
2 -4 -179
1 206 -48
4 -76 109
1 205 -43
3 162 61
4 -51 119
3 162 58
2 22 -184
2 24 -186
1 209 -23
1 218 -64
4 -76 112
1 213 -18
4 -49 113
3 165 72
2 2 -172
4 -78 117
4 -70 121
4 -58 111
2 40 -158
1 206 -43
2 37 -182
2 23 -165
2 44 -185
2 14 -166
4 -63 111
2 29 -180
0 -99 -113
1 193 -24
4 -52 126
2 38 -163
1 209 -11
3 154 70
0 -134 -122
2 52 -160
3 155 77
3 158 95
2 28 -184
3 161 66
3 157 62
1 183 -11
3 159 84
3 155 81
1 249 -23
0 -130 -108
2 30 -173
1 193 0
4 -58 116
3 146 69
3 158 67
3 154 110
1 204 -31
4 -52 120
1 214 -21
3 152 70
2 8 -172
1 189 5
2 4 -168
3 159 91
1 203 -14
1 196 -24
3 163 80
0 -145 -127
2 25 -178
1 235 -23
1 252 -37
0 -127 -107
1 197 -25
0 -102 -127
2 21 -169
1 220 -36
0 -128 -111
4 -44 122
1 229 -6
1 214 -29
2 17 -183
0 -143 -115
4 -69 127
4 -90 119
3 161 86
1 228 -23
4 -36 108
3 173 102
0 -89 -122
1 201 -45
4 -67 121
3 140 84
4 -73 112
1 211 -54
1 205 -22
1 190 -56
3 152 79
0 -145 -113
0 -141 -107
4 -54 116
0 -174 -116
4 -54 118
4 -36 110
4 -45 106
3 141 94
4 -43 -63
1 253 -41
2 24 -178
0 -105 -109
1 201 -34
0 -134 -119
0 -122 -106
4 -69 117
4 -72 123
1 189 -73
3 182 77
4 -33 123
3 156 104
0 -103 -111
2 19 -175
4 -68 115
0 -118 -108
2 30 -179
3 165 85
3 158 99
0 -84 -107
0 -119 -118
4 -38 117
2 53 -182
4 -57 117
4 -36 119
1 198 -27
1 176 -24
1 204 -20
1 222 -4
2 55 -184
0 -153 -110
2 42 -163
0 -130 -110
3 163 36
4 -70 121
2 27 -167
1 201 -25
4 -56 117
2 32 -175
3 146 70
4 -52 107
2 34 -167
1 202 -41
4 -24 112
2 12 -164
1 221 -11
2 19 -170
0 -159 -115
2 41 -182
1 166 -31
1 192 -39
3 146 78
1 192 -27
4 -40 114
0 -96 -106
2 23 -176
2 45 -174
1 200 -31
0 -120 -99
2 5 -177
4 -41 103
4 -51 128
3 161 78
2 34 -161
2 23 -173
4 -56 117
2 23 -171
4 -71 112
4 -80 116
2 27 -156
1 207 -38
0 -141 -108
4 -61 119
4 -21 125
0 -86 -109
1 200 -59
3 151 90
0 -159 -98
0 -99 -114
0 -150 -113
0 -93 -120
3 171 62
3 162 65
0 -92 -108
4 -83 118
3 152 68
1 227 -15
2 22 -177
3 141 76
0 -127 -113
3 132 70
2 60 -163
4 -43 118
2 43 -187
1 225 -59
0 -147 -112
0 -97 -118
2 22 -168
0 -129 -110
1 198 -46
3 149 75
4 -43 122
0 -142 -116
0 -143 -108
1 212 -20
3 149 63
4 -66 118
4 -49 118
3 166 52
3 160 61
0 -104 -108
2 33 -173
4 -59 108
0 -130 -122
2 40 -174
0 -121 -109
1 249 -36
4 -51 117
1 217 -47
1 183 -27
0 -102 -116
1 187 -45
0 -142 -114
0 -109 -108
4 -62 114
1 177 -19
3 171 119
2 42 -159
0 -156 -120
1 185 -45
1 188 -25
0 -125 -108
2 29 -170
3 161 72
0 -124 -95
2 14 -175
1 234 -39
3 151 75
1 167 -41
2 21 -169
3 165 68
3 179 82
3 161 86
3 154 98
3 151 65
3 156 78
2 28 -161
1 213 -28
0 -116 -123
4 -61 127
0 -147 -118
2 42 -170
0 -131 -104
3 160 48
2 26 -172
3 164 92
1 201 -28
3 156 97
3 163 89
3 155 94
0 -149 -111
4 -82 121
0 -127 -116
0 -138 -122
2 13 -183
3 163 48
1 185 -12
4 -77 120
2 4 -161
0 -133 -125
2 35 -172
2 35 -171
0 -126 -110
3 160 98
0 -112 -112
2 16 -168
2 25 -176
2 37 -177
3 155 88
0 -143 -106
0 -133 -105
2 41 -176
3 164 81
2 34 -180
3 159 53
3 159 95
3 144 100
3 150 78
0 -134 -107
4 -77 145
1 210 -23
0 -170 -116
0 -126 -111
2 18 -167
4 -68 108
3 150 105
2 54 -164
2 33 -177
2 21 -179
0 -138 -107
4 -74 123
4 -69 125
4 -82 231
1 223 -27
1 206 -33
1 219 -14
3 168 75
4 -55 126
2 29 -179
4 -59 126
4 -73 125
1 224 -2
2 20 -173
4 -64 119
0 -114 -112
2 24 -173
0 -112 -119
0 -94 -105
0 -103 -113
3 167 57
1 257 -18
1 198 -16
4 -75 129
4 -72 115
2 56 -177
1 198 1
2 29 -178
1 221 -31
2 41 -176
3 158 107
4 -50 111
3 163 78
3 152 44
0 -129 -116
3 147 61
0 -133 -126
4 -56 123
2 34 -168
2 21 -165
0 -160 -108
4 -54 127
0 -138 -107
4 -72 116
2 41 -168
1 231 -61
3 160 76
4 -62 125
4 -50 114
2 35 -162
4 -85 124
1 172 -37
4 -38 125
2 24 -166
0 -124 -127
2 8 -178
4 -69 124
4 -80 116
4 -61 116
4 -58 118
4 -54 116
1 226 -14
4 -73 122
4 -52 121
4 -44 134
3 154 101
4 -55 119
2 16 -164
4 -48 120
2 24 -178
4 -70 119
3 162 74
3 170 110
4 -60 116
0 -137 -114
0 -115 -107
0 -100 -119
4 -54 111
2 31 -166
3 152 96
3 148 51
3 168 94
2 20 -163
4 -68 123
3 170 62
1 221 -51
1 213 -7
3 168 85
1 211 -15
1 179 -41
2 36 -173
4 -32 126
0 -131 -113
2 28 -167
2 55 -162
0 -110 -127
2 37 -181
0 -143 -120
0 -109 -121
4 -80 126
1 181 -19
1 240 -82
2 29 -158
4 -66 115
0 -105 -110
4 -71 127
2 31 -185
3 151 66
1 210 -3
0 -133 -112
2 4 -170
2 32 -165
2 -209 -171
2 52 -160
4 -44 123
0 -122 -114
0 -106 -110
0 -116 -114
2 33 -174
0 -124 -115
4 -73 129
0 -112 -108
3 166 102
3 137 66
4 -66 117
2 22 -168
4 -35 119
4 -38 118
2 24 -161
3 168 90
0 -112 -106
3 160 49
3 143 112
1 198 -35
1 215 -44
0 -134 -125
3 153 105
3 158 69
4 -98 119
0 -91 -107
2 19 -164
0 -120 -115
2 28 -185
4 -78 111
4 -38 124
4 -70 122
3 148 66
1 186 -20
4 -53 122
3 174 109
0 -148 -120
4 -41 118
2 17 -172
2 12 -168
1 206 -12
3 152 86
4 -37 117
1 174 -21
1 213 -19
2 32 -169
2 49 -165
1 219 -37
1 208 -29
4 -66 119
0 -117 -113
3 161 60
4 -67 129
3 154 72
2 23 -161
4 -59 123
2 24 -176
3 156 112
2 31 -159
4 -78 126
2 46 -176
3 146 81
1 219 -17
3 174 66
3 172 88
4 -66 123
1 159 -36
0 -100 -110
0 -134 -104
2 29 -167
4 -94 117
4 -75 123
1 176 -29
3 154 83
3 144 75
4 -55 123
1 179 -25
4 -33 121
4 -72 114
0 -118 -111
3 166 106
2 52 -182
4 -35 117
2 58 -159
4 -66 119
3 178 65
2 16 -175
1 204 -11
1 206 -17
2 26 -165
1 204 -58
4 -25 116
4 -72 130
0 -116 -103
4 -86 128
2 37 -171
0 -105 -108
1 171 -17
4 -80 130
2 53 -176
4 -70 129
0 -103 -110
2 42 -160
2 50 -160
2 18 -172
3 156 90
1 193 -36
4 -51 121
4 -52 118
1 239 -23
2 31 -173
3 148 103
4 -47 123
3 171 74
2 37 -155
4 -65 136
4 -61 125
0 -111 -105
0 -123 -108
4 -59 123
3 175 84
1 206 -43
4 -68 125
0 -107 -115
4 -60 127
3 184 81
1 209 -10
0 -122 -114
1 197 -16
2 34 -176
3 158 67
0 -154 -113
0 -124 -105
3 167 106
0 -107 -108
1 198 -29
1 208 -38
2 32 -159
1 202 -16
3 160 77
3 159 36
3 177 79
3 168 65
3 156 87
3 156 79
0 -149 -115
3 159 102
1 187 -24
3 160 48
2 41 -166
0 -117 -111
3 152 99
1 218 -43
1 188 -38
3 169 76
3 163 85
4 -52 120
1 171 -46
0 -91 -109
0 -120 -100
0 -136 -114
2 48 -171
1 219 -38
2 16 -167
4 -43 119
0 -103 -113
4 -40 122
2 21 -160
0 -112 -104
4 -66 133
0 -93 -108
4 -47 124
4 -67 121
2 65 -157
1 195 -8
4 -52 121
0 -113 -117
0 -123 -114
1 222 -27
1 174 -9
2 25 -174
4 -76 120
0 -111 -94
2 39 -159
3 158 113
2 22 -169
0 -99 -104
0 -104 -114
2 59 -174
0 -104 -110
1 249 -17
4 -35 124
3 157 104
4 -47 114
4 -67 127
3 152 82
0 -146 -93
2 53 -179
1 213 -5
2 51 -156
0 -110 -119
1 170 -15
4 -59 135
0 -126 -109
1 213 -8
2 39 -177
2 46 -178
2 51 -163
3 161 54
0 -91 -110
1 194 -30
4 -68 129
0 -112 -115
4 -69 124
1 246 -28
3 155 64
4 -55 122
2 37 -161
2 37 -166
2 45 -179
1 223 -45
4 -43 127
2 41 -158
0 -94 -109
2 27 -167
2 50 -165
3 143 77
2 51 -150
4 -48 129
3 157 94
2 2 -170
4 -40 118
4 -63 131
2 29 -169
2 34 -176
1 206 -2
4 -39 118
3 161 80
0 -105 -118
0 -102 -104
3 167 74
4 -40 123
0 -106 -95
3 145 71
4 -49 124
1 211 -43
2 29 -172
1 225 -25
3 154 46
2 38 -169
0 -104 -96
3 161 99
2 41 93
4 -63 127
2 59 -169
0 -122 -109
2 33 -159
0 -125 -107
2 33 -176
3 176 45
0 -112 -115
4 -54 115
3 155 87
4 -64 123
4 -32 120
2 54 -162
2 28 -161
1 233 -54
1 206 -22
3 154 110
4 -27 127
3 164 107
0 -118 -103
0 -147 -104
2 12 -171
0 -126 -113
0 -103 -105
4 -77 122
2 28 -159
3 158 61
0 -132 -114
0 -124 -123
0 -132 -98
2 41 -168
1 204 -47
1 193 -37
3 153 56
0 -126 -96
0 -124 -108
3 150 53
1 189 -21
0 -133 -116
1 208 -37
4 -65 120
1 212 -15
3 154 71
3 151 70
1 179 -39
2 3 -176
1 227 -59
1 193 -10
1 205 -31
3 166 77
3 155 74
3 168 66
2 32 -168
4 -57 126
4 -31 135
4 -53 121
1 196 -16
1 262 -17
2 77 -164
1 186 -18
2 80 -173
3 169 78
1 233 -45
3 176 80
4 -50 116
3 165 66
3 156 68
2 38 -163
4 -35 125
1 210 -7
1 196 -28
4 -59 125
3 173 100
2 43 -161
2 23 -160
2 36 -174
3 151 63
1 235 -18
1 210 -17
0 -129 -115
0 -106 -102
4 -55 123
1 200 -2
3 152 85
3 168 90
2 25 -164
1 173 -57
3 157 102
3 160 98
2 32 -163
0 -110 -111
3 168 99
1 204 -50
4 -48 133
1 180 -27
3 154 78
2 54 -156
3 159 102
3 165 56
0 -117 -111
1 227 -39
1 238 -1
4 -58 128
1 252 -43
1 223 -27
1 222 -27
2 24 -162
2 49 -154
4 -27 121
2 52 -179
2 43 -167
4 -38 123
4 -35 126
4 -55 129
3 173 97
3 168 63
0 -131 -113
0 -95 -110
0 -128 -104
0 -124 -91
0 -136 -116
4 -50 125
3 156 94
4 -37 121
3 164 53
4 -62 120
3 148 95
1 214 -50
2 40 -171
1 202 -36
3 158 86
1 220 -3
2 39 -170
2 60 -182
3 167 58
2 31 -171
1 191 -30
1 224 -38
1 216 -59
4 -55 117
0 -159 -112
0 -117 -101
2 12 -170
1 220 -21
4 -72 130
0 -80 -114
0 -128 -100
2 45 -162
4 -73 126
2 12 -155
3 180 107
0 -120 -104
3 134 81
0 -130 -96
3 158 90
4 -70 120
1 208 -29
1 193 -14
2 2 -156
4 -92 129
2 20 -171
3 155 92
2 33 -158
4 -70 124
1 231 -3
0 -127 -106
0 -108 -93
3 166 78
4 -46 294
4 -50 136
3 155 43
3 147 101
2 38 -151
1 196 -4
4 -31 128
3 148 65
2 45 -154
4 -49 132
2 36 -166
4 -51 120
0 -119 -105
1 225 -36
3 157 60
3 170 72
0 -104 -112
4 -36 120
4 -76 132
4 -53 127
1 189 -20
0 -101 -102
3 158 86
3 152 65
0 -103 -102
3 158 106
1 196 -27
2 56 -164
3 146 100
3 163 47
1 193 -34
4 -22 128
1 216 -25
1 198 -30
0 -119 -94
1 199 -13
3 165 62
4 -53 132
3 166 100
4 -42 125
4 -58 122
0 -115 -101
2 43 -164
1 216 -30
0 -111 -103
2 41 -175
1 198 -18
2 68 -166
2 31 -163
4 -34 123
1 198 -2
1 192 -45
1 210 -51
0 -84 -93
0 -126 -114
4 -61 134
2 5 -163
3 154 90
2 47 -174
0 -74 -95
2 30 -148
0 -83 -110
4 -67 126
2 45 -171
3 160 89
4 -49 134
4 -41 130
3 172 62
1 194 -34
0 -112 -106
2 35 -164
3 173 87
3 164 98
4 -44 132
0 -141 -101
4 -50 117
1 217 -30
3 147 101
4 -61 138
1 206 -40
0 -155 -102
3 160 68
2 23 -148
1 214 -33
3 169 57
2 49 122
2 44 -167
1 223 -41
3 155 43
0 -133 -104
1 214 -9
2 28 -163
2 46 -155
0 -95 -107
2 34 -163
3 169 62
2 56 -159
3 167 90
3 158 98
0 -94 -106
2 27 -141
2 40 -179
4 -56 127
2 20 -160
4 -78 130
4 -43 126
3 168 94
3 172 89
3 153 85
3 149 60
1 243 -10
1 214 -14
3 156 90
2 39 -169
4 -37 125
2 24 -164
3 160 78
0 -108 -98
2 50 -168
4 -62 132
4 -66 129
1 187 -41
2 60 -168
1 194 -10
1 246 -57
4 -56 139
0 -98 -114
1 231 -29
0 -95 -115
1 216 -17
1 201 -27
4 -51 122
3 167 63
3 148 55
2 39 -152
1 198 -51
1 232 -46
2 31 -155
0 -103 -107
2 50 -164
1 200 -13
3 155 77
2 38 -161
3 161 88
2 37 -162
3 159 81
3 165 68
3 155 91
2 33 -166
3 159 54
2 28 -160
2 50 -165
0 -96 -102
3 165 80
3 176 110
3 157 36
0 -115 -92
4 -54 128
1 188 -33
0 -116 -109
3 149 73
2 37 -157
4 -45 132
0 -127 -98
4 -43 129
4 -54 117
3 155 91
0 -126 -97
3 164 66
1 193 -31
4 -75 128
3 170 47
2 65 -166
3 161 105
3 166 109
0 -106 -103
4 -36 130
3 176 102
2 28 -159
1 201 -17
3 163 60
3 170 81
1 172 -49
0 -100 -86
3 161 71
0 -73 -95
3 135 107
3 157 97
4 -42 138
4 -51 120
4 -67 122
0 -125 -115
0 -119 -107
2 -234 -149
3 167 56
3 164 79
4 -20 129
2 39 -155
2 31 -156
0 -81 -104
2 76 -160
1 212 -34
2 83 -169
2 41 -173
1 199 -34
0 -141 -99
0 -96 -115
3 169 74
3 162 87
2 58 -169
3 152 71
1 212 -30
3 160 71
2 34 -163
3 159 85
4 -40 126
4 -50 123
1 203 -3
0 -111 -99
3 162 66
4 -47 121
3 152 107
2 63 -170
3 157 78
4 -42 119
3 153 107
3 161 110
1 211 -21
3 156 61
4 -50 134
0 -143 -94
4 -87 130
2 60 -152
0 -94 -102
4 -53 129
4 -62 136
3 168 87
3 153 76
4 -50 132
3 153 88
4 -42 122
4 -67 123
2 35 -175
3 159 144
4 -72 128
0 -110 -101
4 -33 125
3 166 96
0 -134 -102
0 -126 -98
1 212 -10
4 -43 129
4 -52 133
3 166 78
1 235 -24
4 -41 125
1 194 -24
1 196 -24
0 -97 -99
2 24 -167
4 -60 125
0 -143 -98
2 34 -159
1 194 -27
2 52 -161
2 43 -171
3 172 91
2 72 -170
3 177 126
2 45 -157
4 -47 134
0 -88 -101
3 153 58
4 -37 133
3 171 82
1 188 -19
0 -161 -98
2 48 -172
3 145 55
3 147 58
4 -75 133
2 48 -174
2 35 -160
1 192 -27
2 23 -153
2 46 -159
2 45 -157
0 -113 -93
0 -101 -102
3 152 71
0 -118 -109
0 -116 -94
1 188 -44
2 51 -165
0 -118 -106
4 -44 128
3 171 109
0 -105 -103
4 -41 132
0 -111 -98
2 20 -152
0 -120 -98
1 222 -23
3 155 80
4 -20 125
2 49 -155
1 191 -32
2 32 -162
2 60 -150
3 171 89
1 182 -45
0 -154 -103
3 157 76
3 154 70
4 -58 122
4 -40 139
3 147 105
4 -52 125
3 145 108
0 -98 -110
2 52 -166
1 179 -45
1 189 -35
2 36 -148
0 -92 -98
0 -107 -225
0 -102 -103
4 -64 129
2 35 -164
1 223 -51
4 -57 124
1 210 -39
0 -129 -110
4 -34 128
3 165 67
4 -53 130
3 160 99
4 -69 127
0 -119 -105
4 -54 126
0 -100 -93
2 32 -160
4 -38 121
1 198 -42
1 188 -17
0 -121 -112
0 -85 -104
0 -120 -107
1 207 -16
4 -48 128
4 -42 134
4 -72 134
4 -39 119
3 167 64
0 -124 -100
1 214 -32
0 -144 -95
1 227 -26
3 150 67
0 -101 -103
0 -128 -100
1 197 -24
4 -57 127
3 166 88
0 -128 -98
0 -93 -92
2 43 -154
0 -100 -109
1 183 -37
1 227 -20
4 -71 120
1 202 -18
3 177 112
0 -134 -104
2 16 -148
1 179 -21
0 -119 -100
4 -47 133
0 -92 -82
2 36 -151
2 40 -162
2 62 -169
4 -56 128
3 164 60
0 -87 -95
0 -111 -103
0 -104 -102
2 54 -151
4 -84 133
2 40 -169
4 -45 129
3 162 87
3 150 88
1 194 -56
0 -123 -110
2 37 -148
4 -57 134
2 56 -157
2 69 -166
2 53 -156
1 233 -7
2 71 -149
2 48 -159
1 222 -16
1 152 -34
2 58 -150
4 -43 131
0 -89 -92
2 39 -178
2 37 -158
0 -116 -102
1 185 -27
0 -118 -104
2 48 -152
1 231 -35
4 -55 132
4 -45 131
3 156 119
2 23 -162
3 157 79
0 -99 -95
0 -102 -104
0 -99 -99
0 -69 -89
3 165 62
1 190 -11
1 182 -34
2 30 -151
1 208 -48
3 155 89
1 208 -28
4 -23 132
2 32 -158
1 189 -43
0 -90 -107
3 166 77
2 34 -151
0 -89 -104
2 73 -165
3 167 110
4 -55 145
1 162 -49
4 -45 129
3 154 99
2 40 -157
4 -57 129
4 -54 121
4 -73 123
2 34 -165
0 -113 -88
0 -127 -107
1 183 -18
3 155 66
4 -36 122
2 52 -151
2 51 -165
0 -101 -116
3 155 71
4 -52 133
2 55 -152
1 198 -29
0 -88 -111
0 -98 -101
0 -126 -101
4 -56 128
0 -93 -103
3 170 63
0 -82 -100
4 -80 130
1 204 -18
2 37 -167
4 -64 136
2 37 -163
3 160 124
3 161 75
4 -16 131
1 216 -7
2 33 -167
2 38 -160
4 -35 139
4 -37 134
3 157 112
4 -41 133
3 143 104
4 -47 131
3 155 124
2 42 -154
2 37 -160
0 -101 -95
3 145 82
4 -27 128
4 -33 126
0 -128 -94
1 231 5
4 -31 126
2 38 -163
0 -132 -96
0 -121 -103
2 29 -174
3 141 98
1 202 -39
3 168 88
0 -130 -97
4 -28 130
1 236 -43
1 193 -46
4 -44 135
2 48 -158
1 197 -30
0 -99 -94
1 193 -29
0 -118 -99
4 -30 134
3 177 104
2 30 -152
4 -46 140
3 145 89
3 147 100
2 56 -153
1 200 -27
2 43 -146
1 168 -23
4 -37 133
1 199 -46
1 218 -31
1 227 -16
3 160 97
2 45 -166
4 -29 128
2 59 -149
4 -57 134
3 156 101
3 -28 86
0 -100 -95
1 199 -4
1 205 -29
2 59 -153
1 231 -24
4 -41 136
3 158 102
0 -110 -94
2 49 -152
4 -38 125
1 223 -37
1 215 -48
0 -104 -99
1 179 -48
1 232 -21
2 50 -154
2 57 -157
4 -40 131
2 8 -154
2 34 -154
0 -125 -107
1 167 -31
2 11 -171
4 -53 137
3 170 112
4 -64 130
3 163 105
0 -111 -105
0 -93 -106
1 215 9
0 -111 -101
1 205 -185
4 -31 139
3 156 60
1 248 -38
3 167 85
1 209 -26
4 -28 138
3 153 85
2 56 -156
4 -47 139
0 -105 -106
0 -112 -91
4 -23 135
4 -56 140
0 -123 -85
4 -51 128
4 -50 130
4 -26 133
3 164 90
0 -79 -102
1 190 -51
4 -49 135
2 53 -154
4 -65 125
1 221 -21
3 139 79
2 61 -145
0 -139 -96
1 205 -25
4 -72 138
4 -49 134
0 -65 -98
0 -85 -92
2 49 -155
0 -113 -104
3 162 39
1 197 -46
0 -108 -102
2 28 -154
0 -142 -94
2 23 -152
4 -42 152
3 151 82
2 36 -149
1 196 -24
1 197 -23
4 -49 132
2 46 -161
3 145 89
4 -50 135
4 -35 131
1 206 -62
3 158 74
4 -39 133
0 -104 -88
0 -157 -94
1 219 -31
1 206 -26
0 -113 -100
4 -48 135
1 202 -17
1 211 -63
2 19 -163
0 -100 -99
3 149 80
2 39 -158
1 187 -15
4 -33 139
0 -101 -94
0 -91 -93
4 -32 143
1 211 -40
2 8 -170
1 189 -33
4 -33 136
0 -70 -98
3 165 93
0 -113 -98
3 156 72
2 51 -173
1 198 -24
3 150 92
4 -40 124
4 -29 130
2 56 -173
4 -65 146
0 -108 -106
3 161 66
0 -118 -97
4 -62 132
1 176 -8
4 -45 137
1 224 -20
0 -118 -97
1 207 -24
4 -44 128
3 155 65
2 28 -160
2 44 -153
0 -134 -91
2 34 -165
2 42 -143
0 -123 -94
0 -97 -94
0 -121 -103
2 34 -166
0 -119 -113
2 16 -159
0 -114 -100
0 -123 -93
1 215 -35
4 -63 131
4 -63 131
3 166 61
1 210 -29
0 -113 -104
1 182 -7
2 41 -164
3 151 78
0 -115 -95
2 26 -158
2 63 -149
1 229 -49
1 218 -16
2 45 -155
1 201 -20
1 234 -41
2 76 -158
2 31 -148
0 -85 -102
1 189 -41
2 59 -159
0 -100 -98
2 20 -154
0 -94 -84
0 -119 -100
4 -34 138
1 200 -46
1 189 -21
4 -65 136
2 34 -164
0 -98 -89
0 -82 -106
3 170 61
2 49 -160
4 -18 139
2 35 -40
2 51 -158
1 183 -33
3 147 53
1 199 -22
4 -40 134
0 -124 -97
2 44 -164
0 -79 -89
1 221 -20
1 229 -39
1 190 -34
1 229 -46
0 -83 -86
1 197 -18
0 -114 -98
0 -95 -91
1 202 -42
2 52 -146
1 240 -25
2 57 -159
0 -98 -98
2 47 -154
4 -41 133
2 40 -146
1 183 -19
3 165 85
2 49 -154
4 -29 139
4 -54 129
3 152 63
2 24 -161
1 189 -16
3 159 86
1 206 -22
1 205 -17
0 -112 -101
4 -66 143
2 24 -155
0 -110 -98
0 -140 -91
1 226 -7
4 -48 136
0 -107 -94
1 211 -32
3 157 45
3 149 50
2 59 -175
3 169 110
3 157 87
3 162 64
0 -85 -91
1 210 -38
4 -53 135
2 48 -170
2 62 -144
4 -55 127
0 -94 -96
2 27 -157
3 159 75
2 49 -154
2 14 -154
0 -114 -95
4 -40 134
4 -56 135
3 175 86
4 -61 145
2 36 -150
2 51 -153
3 159 63
0 -108 -100
3 172 72
1 207 -1
4 -52 130
1 190 -37
1 215 -21
2 69 -136
0 -111 -99
1 211 -45
0 -115 -98
0 -104 -89
1 -89 -43
0 -105 -101
3 157 90
4 -56 134
0 -131 -94
3 160 45
2 54 52
3 163 108
4 -56 136
0 -131 -93
3 170 84
1 192 -28
0 -120 -101
4 -55 138
4 -53 136
3 168 92
3 155 88
3 141 91
3 156 90
1 221 -38
1 196 -37
3 160 85
2 52 -156
4 -32 140
4 -24 135
1 213 -26
1 201 -9
2 59 -171
1 224 -46
1 218 -23
4 -57 129
3 175 27
4 -33 137
4 -55 139
0 -81 -103
0 -135 -97
4 -39 138
0 -104 -103
4 -25 135
3 169 60
1 196 -57
2 87 -154
3 154 94
0 -91 -82
1 201 -17
3 158 25
3 161 83
1 204 -42
2 63 -157
0 -97 -104
0 -106 -93
3 164 107
3 181 56
4 -34 137
4 -17 140
0 -99 -93
1 223 -38
1 183 -24
2 30 -165
2 54 -172
1 220 -35
2 40 -156
3 170 90
3 145 89
1 176 -21
1 205 -52
0 -84 -103
0 -119 -97
0 -134 -95
3 165 64
1 205 -34
1 187 -15
0 -125 -90
0 -118 -85
2 27 -175
3 155 66
2 41 -158
2 54 -152
0 -79 -96
0 -100 -101
3 164 64
4 -51 141
1 205 7
3 157 60
4 -40 142
2 45 -150
2 33 -162
0 -119 -102
3 161 83
0 -103 -86
4 -45 139
1 211 -19
1 203 -19
1 176 -41
0 -121 -77
0 -129 -101
0 -94 -87
4 -22 135
4 -25 139
4 -29 129
2 58 -149
4 -47 138
3 163 88
1 211 -24
1 181 -9
0 -112 -108
4 -47 139
4 -27 129
3 159 77
1 207 -52
4 -53 168
4 -32 141
4 -15 128
4 -25 128
1 186 -8
1 223 -58
4 -40 135
0 -115 -89
1 201 -14
4 -9 140
1 212 -14
3 152 41
1 198 -31
0 -138 -104
0 -127 -111
2 73 -150
2 58 -148
1 205 -49
2 65 -137
4 -32 128
1 186 -13
0 -99 -96
1 195 -12
1 212 1
4 -36 141
4 -73 147
1 192 -33
0 -99 -101
1 217 -42
4 -43 141
2 47 -150
3 141 55
0 -124 -94
2 42 -168
4 -14 137
2 52 -153
4 -32 134
1 190 -27
3 157 56
0 -102 -97
4 -23 135
0 -94 -91
3 137 92
4 -57 137
4 -36 140
0 -118 -102
2 66 -159
0 -80 -105
1 212 -26
4 -37 142
2 42 -163
4 -46 144
4 -33 140
2 38 -167
3 162 90
4 -46 129
4 -53 138
0 -78 -91
3 153 70
3 164 93
4 -48 133
1 209 -20
0 -108 -85
1 198 -25
2 51 -142
4 -26 148
4 -51 141
3 171 100
3 157 26
3 161 81
1 227 -48
2 50 -151
3 158 65
2 60 -144
3 152 91
2 63 -164
3 168 104
3 25 69
4 -23 141
2 36 -149
0 -142 -99
2 43 -148
2 49 -145
4 -53 141
1 183 -33
0 -108 -103
2 57 -146
0 -121 -92
3 154 92
0 -81 -97
3 157 87
3 152 55
2 55 -155
1 209 -8
2 30 -152
1 187 -19
0 -96 -85
0 -122 -102
2 38 -144
3 159 117
2 48 -159
1 249 -17
2 44 -172
3 152 107
3 157 72
3 166 83
0 -101 -92
4 -45 143
0 -50 -92
4 -27 137
1 233 -13
1 212 -21
0 -118 -101
1 221 -70
3 159 67
2 60 -144
4 -42 139
3 147 81
0 -107 -91
2 87 -171
4 -57 136
4 -29 135
4 -14 137
3 143 88
1 200 -39
4 -42 144
0 -98 -93
3 152 100
1 194 -44
1 208 -49
0 -76 -97
1 232 -36
4 -5 136
0 -100 -99
4 -47 136
3 155 59
3 155 111
3 157 88
2 57 -148
2 47 -160
2 67 -142
1 170 -34
4 -55 147
2 56 -155
1 166 -30
3 160 95
4 -37 127
1 206 -39
4 -27 140
2 33 -152
2 39 -145
4 -34 145
3 145 104
1 179 -12
4 -39 143
2 59 -163
1 196 -25
3 145 80
2 50 -154
0 -117 -98
2 86 -145
3 161 81
1 220 -16
0 -76 -85
4 -32 136
1 223 -27
1 202 -30
3 172 110
4 -40 138
2 65 -144
2 58 -159
0 -130 -103
2 33 -153
2 54 -158
2 64 -151
2 58 -156
0 -115 -97
4 -42 143
1 198 -51
4 -32 143
0 -115 -92
3 179 52
2 36 -139
2 43 -164
4 -36 149
3 140 52
4 -2 135
2 53 -149
4 -53 137
1 198 -29
1 214 -33
2 45 -143
4 -46 138
1 181 -42
4 -25 146
1 224 -57
1 187 -36
4 -42 149
1 164 -57
2 44 -149
0 -76 -94
1 212 -33
4 -43 135
0 -98 -95
2 14 -149
1 173 -24
0 -81 -92
1 206 -64
1 188 1
2 58 -151
2 43 -149
2 69 -147
2 43 -148
3 164 60
3 163 79
4 -45 135
4 -19 134
1 185 -47
4 -37 134
3 174 90
2 76 -154
0 -124 -90
4 -14 136
0 -77 -91
0 -128 -88
2 53 -140
4 -39 143
1 187 -34
3 149 113
0 -98 -87
2 30 -148
1 226 -2
1 196 -27
1 164 -40
3 165 67
3 147 79
1 162 -41
1 211 -21
0 -114 -90
3 167 86
2 55 -150
1 213 -13
1 206 -24
0 -134 -85
1 206 -7
0 -75 -80
0 -96 -86
2 77 -150
3 167 64
1 203 -22
2 40 -150
4 -19 133
4 -12 155
1 211 -22
2 43 -155
1 179 -42
2 54 -144
2 55 -152
0 -98 -86
0 -112 -86
1 201 -14
2 62 -154
3 175 60
3 152 68
1 197 -11
4 -72 138
0 -81 -92
2 52 -149
3 151 82
2 70 -148
4 -52 144
2 39 -150
4 -41 144
0 -75 -94
1 167 -27
4 -19 147
4 -14 137
4 -31 140
3 147 58
3 161 70
4 -24 137
0 -80 -105
2 51 -150
2 62 -138
4 -45 135
3 156 94
0 -100 -94
4 -33 140
3 171 71
3 157 86
1 195 -22
3 155 75
4 -48 142
0 -59 -97
3 149 92
1 223 -52
2 53 -161
1 181 -27
0 -118 -86
1 225 -28
2 27 -153
2 50 -155
1 197 -55
0 -95 -78
1 221 -19
1 217 -23
1 240 -44
2 42 -145
4 -72 145
2 83 -168
0 -104 -101
2 57 -161
2 71 -158
4 -40 139
4 -66 145
4 -13 140
1 201 -42
4 -67 141
2 42 -156
2 51 -163
4 -36 135
3 176 118
1 178 -36
0 -97 -97
2 30 -154
2 59 -157
0 -80 -85
1 227 -8
2 51 -155
0 -141 -87
2 56 -143
3 143 65
0 -117 -106
0 -85 -85
3 144 83
4 -67 134
1 214 11
1 202 -25
4 -18 138
4 -38 153
1 209 -9
3 154 70
2 51 -139
1 206 -18
1 215 -2
0 -97 -104
1 217 -36
3 155 77
3 157 91
1 200 -26
2 50 -143
0 -114 -103
4 -49 132
3 185 107
4 -18 139
4 -36 145
4 -47 141
4 -35 143
3 144 81
2 22 -146
2 44 -144
4 -50 142
2 50 -148
3 166 31
3 150 83
3 132 44
3 163 113
4 -21 144
4 -38 136
4 -7 147
4 -68 144
1 212 -38
3 156 79
1 181 -36
2 40 -154
2 52 -140
0 -130 -87
2 91 -134
4 -65 153
4 -26 151
3 152 114
0 -41 -98
4 -32 137
3 174 86
0 -114 -93
1 226 -42
3 151 84
3 165 85
0 -81 -92
0 -76 -83
0 -113 -91
0 -85 -81
0 -111 -86
0 -65 -76
1 231 -33
1 210 -35
4 -37 149
0 -91 -88
2 50 -150
2 60 -148
3 149 54
4 -34 143
2 43 -159
4 -57 134
2 46 -142
4 -2 141
0 -101 -95
3 147 76
4 -25 140
3 145 77
1 193 -38
3 162 75
1 214 -17
4 -25 141
2 66 -132
3 176 108
1 192 -58
3 150 51
3 177 111
3 153 70
1 215 -20
3 152 71
4 -23 149
3 142 89
1 196 -33
1 226 -14
2 41 -135
3 148 96
0 -81 -77
3 149 58
4 -99 140
2 47 -157
0 -103 -102
4 -18 147
4 -53 149
3 148 99
3 165 79
2 58 -157
3 138 94
0 -104 -85
2 58 -156
1 218 -21
1 195 -19
3 163 55
4 -54 136
4 -40 138
1 174 -22
3 166 74
0 -101 -106
0 -100 -92
0 -91 -86
0 -91 -84
0 -85 -94
0 -89 -92
4 -49 144
2 49 -163
1 200 -1
3 169 111
4 -39 143
3 153 102
2 40 -141
1 200 -19
3 144 30
3 175 104
1 219 -39
4 -34 144
2 56 -144
0 -81 -74
0 -83 -78
1 200 -23
4 -15 137
2 52 -152
2 50 -158
1 209 -44
2 73 -143
3 159 88
3 172 95
2 87 -151
4 -2 146
2 52 -149
4 -49 145
1 221 -43
0 -91 -91
2 30 -157
1 210 -27
3 156 65
1 216 -9
2 69 -143
4 -47 134
0 -108 -87
1 214 -13
0 -89 -84
2 67 -131
3 163 83
3 170 53
0 -97 -74
4 -45 145
0 -111 -89
1 199 -44
1 227 -27
4 -33 142
1 242 -52
2 60 -148
1 198 -35
3 131 79
3 172 62
2 37 -136
3 158 95
2 64 -140
0 -90 -94
2 88 -149
1 212 -45
0 -85 -97
1 156 -57
3 159 57
3 156 91
2 47 -143
1 226 -29
3 152 31
1 173 -52
2 67 -149
4 -26 144
3 149 85
1 204 -34
3 150 73
4 -19 151
0 -96 -91
1 222 -42
3 157 99
0 -97 -87
4 -35 141
0 -102 -87
4 -16 147
1 243 -38
4 -28 145
1 223 -54
0 -92 -96
2 41 -160
4 -7 136
2 56 -139
1 208 -49
0 -101 -90
4 -40 141
2 37 -139
2 50 -143
2 58 -149
2 58 -145
4 -18 146
0 -98 -81
1 213 -62
2 79 -140
2 53 -158
4 -70 148
4 -42 145
4 -49 150
0 -91 -88
1 209 -37
1 205 -28
0 -101 -98
4 -40 157
4 -24 152
0 -85 -81
4 -51 136
1 233 -27
1 219 -50
2 48 -161
1 231 -21
0 -85 -136
4 -21 147
3 142 82
4 -47 136
2 59 -152
0 -83 -86
2 70 -156
4 -38 140
0 -94 -98
4 -30 133
2 57 -149
1 214 -28
4 -29 142
2 47 -141
1 195 -55
3 149 83
2 49 -142
1 162 -27
2 46 -136
4 -21 139
4 -70 149
1 212 -26
1 205 -47
1 229 -22
2 54 -160
1 189 -47
1 242 -44
0 -95 -91
0 -84 -88
0 -75 -91
0 -83 -74
4 -88 143
3 161 54
4 -28 141
3 155 71
0 -104 -96
2 58 -144
2 45 -144
3 144 72
0 -91 -81
0 -99 -82
2 51 -147
2 62 -148
3 160 103
4 -9 148
4 -32 142
0 -79 -93
1 201 -35
3 162 72
1 225 -13
1 190 -43
0 -99 -101
0 -94 -84
1 211 -23
1 205 -27
1 200 -39
4 -27 137
0 -120 -85
3 159 70
4 -29 147
4 -32 146
2 74 -144
2 85 -151
3 158 108
4 -61 140
1 211 -20
4 -44 137
2 85 -142
0 -72 -81
3 164 51
2 24 -150
4 -57 146
2 69 -133
4 -38 144
0 -87 -91
3 151 61
1 166 10
1 239 -37
0 -138 -83
4 -29 145
1 203 -18
2 55 -142
3 159 79
0 -111 -81
1 177 -17
3 160 118
1 215 -13
1 173 -40
4 -17 140
2 57 -129
0 -79 -78
2 37 -147
2 54 -135
3 143 99
0 -115 -104
0 -95 -91
1 219 -16
0 -110 -76
4 -38 147
3 161 93
4 -39 142
2 57 -132
0 -84 -81
2 66 -158
1 188 -28
3 180 72
1 223 -26
0 -94 -82
3 158 84
0 -91 -95
3 163 80
0 -134 -87
3 146 92
3 164 76
1 196 -34
3 158 69
3 169 76
1 171 -36
0 -82 -83
0 -116 -86
3 168 40
2 78 -149
0 -80 -102
3 145 93
2 66 -144
0 -95 -83
4 -33 146
4 -28 152
1 190 -28
1 242 -38
4 -39 135
4 -40 145
3 164 65
0 -88 -92
4 -35 158
4 -49 154
3 167 84
0 -100 -90
1 176 -51
0 -59 -92
3 159 83
2 77 -152
1 228 -19
0 -68 -89
3 155 69
0 -113 -95
1 190 -14
4 -39 136
4 -35 152
4 -15 144
4 -7 140
2 63 -158
3 154 73
2 61 -145
4 -32 148
1 209 -57
1 207 -30
2 43 -138
0 -80 -92
2 49 -136
3 171 54
1 219 -44
2 63 -152
4 -60 151
2 45 -149
4 -38 141
1 219 -9
4 -71 147
1 232 -34
4 -38 146
1 182 -21
3 155 78
1 201 -7
4 -16 141
3 159 12
4 -36 150
3 173 92
2 63 -153
1 187 -32
2 50 -150
3 155 73
3 159 67
0 -129 -76
0 -113 -74
3 149 77
1 185 -31
3 141 66
2 58 -136
2 58 -146
3 161 59
2 56 -128
3 156 75
1 192 -24
1 194 -7
4 -13 147
2 70 -141
1 207 -46
0 -96 -84
0 -86 -96
0 -86 -75
2 69 -137
0 -82 -86
2 -299 -153
4 -20 149
1 180 -31
2 73 -141
4 -32 147
3 161 94
1 211 -12
3 143 70
1 196 -36
0 -74 -80
4 -41 153
3 151 72
1 190 -12
1 218 -16
3 165 72
2 66 -135
3 162 72
4 -16 152
2 56 -142
4 -33 144
2 70 -142
3 160 78
0 -62 -86
0 -90 -93
2 47 -141
1 203 1
0 -85 -81
3 166 113
4 -26 148
1 225 -21
2 48 -147
0 -110 -79
1 201 -44
2 64 -143
1 190 -23
0 -80 -74
4 -46 154
1 241 -7
3 146 73
2 66 -154
2 40 -156
3 149 61
2 74 -136
2 49 -150
3 155 92
1 199 -33
1 207 -44
2 42 -134
1 197 -22
4 -51 141
2 75 -155
3 154 91
0 -75 -80
3 168 55
2 47 -139
4 -36 145
3 132 101
1 194 -33
1 212 -58
2 33 -148
3 155 87
1 230 -11
0 -68 -84
2 45 -131
0 -85 -91
1 202 -37
1 188 -64
0 -79 -86
0 -118 -82
1 215 -45
0 -108 -87
2 49 -142
0 -92 -88
4 -9 143
3 155 87
4 -27 164
4 1 153
2 90 -146
0 -103 -87
0 -101 -91
3 150 74
4 -19 149
3 154 19
1 204 -15
1 221 -37
0 -84 -83
3 154 80
2 75 -140
1 210 -48
4 -18 153
3 160 69
0 -108 -93
3 -122 49
3 147 80
4 -44 149
0 -63 -91
1 208 -35
2 63 -132
4 -29 152
4 -16 147
4 -41 157
2 49 -156
1 204 -43
2 73 -152
4 52 146
0 -89 -84
2 64 -148
3 168 87
2 70 -135
0 -94 -94
0 -84 -78
0 -110 -92
1 195 -43
1 173 -41
0 -96 -94
2 57 -154
4 -28 149
2 50 -142
1 172 -26
3 171 98
0 -113 -82
3 171 93
4 -21 150
2 61 -136
4 -32 153
0 -88 -91
1 204 -40
1 198 -21
0 -74 -92
2 47 -135
4 -32 136
3 163 85
4 -30 143
0 -89 -88
0 -93 -86
0 -104 -77
0 -81 -88
4 -40 134
1 198 -22
0 -79 -88
3 155 86
2 50 -149
0 -113 -78
4 -46 140
0 -97 -88
0 -108 -98
0 -134 -80
1 196 -17
0 -65 -77
1 207 -48
1 219 -36
2 59 -119
0 -67 -88
4 -40 152
4 -43 153
0 -100 -91
4 -26 150
3 159 86
4 -28 149
1 173 -29
0 -91 -81
0 -111 -71
3 159 44
0 -121 -86
3 148 85
0 -116 -77
0 -73 -83
0 -98 -88
3 152 91
1 193 -18
0 -101 -77
1 201 -46
1 181 -44
1 252 -21
0 -112 -92
1 208 -33
2 69 -139
0 -114 -99
4 -22 149
1 242 -35
4 -50 151
3 138 106
3 148 77
2 29 -131
0 -81 -102
0 -92 -78
3 154 92
1 259 -31
0 -133 -88
0 -91 -83
3 168 41
2 40 -140
4 -37 146
0 -93 -81
4 -47 151
1 202 -31
3 166 89
4 -28 144
3 163 57
4 -24 155
0 -76 -82
3 145 85
1 227 -20
2 31 -145
3 160 84
4 -40 150
2 62 -146
1 224 -19
0 -66 -88
2 53 -148
2 53 -136
4 -45 153
4 -32 148
3 186 100
0 -81 -70
3 143 95
1 183 -16
4 -39 147
2 56 -140
3 159 32
2 58 -137
3 166 75
0 -102 -87
2 71 -121
1 222 -43
1 177 -22
1 220 -52
1 219 -26
0 -109 -82
4 -26 147
1 197 -26
3 145 88
4 -58 149
0 -92 -86
2 51 -141
4 -32 157
4 -25 150
2 46 -139
4 -28 149
3 152 112
2 49 -139
3 147 101
0 -130 -77
0 -65 -77
4 -33 157
0 -104 -83
0 -92 -83
3 167 113
3 160 73
0 -68 -92
0 -92 -83
4 -35 149
4 -34 154
1 198 -8
3 142 98
0 -110 -90
2 32 -132
0 -145 -78
2 57 -134
2 62 -140
4 -20 149
1 192 -43
3 157 66
0 -93 -79
2 47 -150
1 190 -39
4 -42 144
0 -101 -82
0 -83 -81
3 163 99
1 207 -7
3 159 108
2 53 -150
3 160 119
4 -17 148
2 78 -135
4 -38 153
0 -93 -79
1 188 -2
3 154 108
1 195 -27
2 61 -148
2 43 -146
4 -12 155
3 158 78
2 57 -140
1 220 -54
2 90 -153
0 -110 -80
4 -9 154
0 -107 -90
2 87 -149
4 -21 146
3 144 68
1 168 -30
4 -8 153
1 205 -27
0 -95 -77
1 192 -42
1 214 -39
3 138 95
4 -21 146
3 162 73
4 -46 151
2 55 -147
1 173 -13
4 -22 154
4 -25 157
0 -93 -84
2 41 -138
3 147 77
1 188 -20
1 165 -49
0 -63 -89
4 -7 152
4 -13 154
3 182 98
2 67 -137
1 217 -28
0 -94 -99
4 -13 160
0 -106 -94
4 -32 152
4 -35 151
3 148 75
4 -49 150
4 -9 151
4 -37 144
2 49 -139
4 -37 156
1 180 -46
1 175 -14
0 -78 -74
4 -32 160
2 59 -149
2 56 -158
0 -127 -89
4 -27 153
3 154 57
2 41 -144
2 66 -139
3 166 72
1 202 -37
4 -14 154
0 -97 -79
4 -22 155
2 51 -148
3 147 90
3 161 37
0 -82 -81
3 151 52
0 -82 -91
0 -81 -78
4 -31 146
1 228 -32
4 -13 149
0 -128 -68
3 168 86
4 -40 153
3 164 97
2 65 -118
4 -38 153
1 199 -26
1 193 -46
1 198 -32
1 189 16
3 178 87
4 -24 149
3 153 69
2 85 -132
3 150 83
2 32 -152
0 -116 -82
3 167 100
3 171 92
1 220 -34
3 163 106
2 84 -138
3 160 66
2 46 -139
1 231 -10
2 60 -156
1 205 -33
2 72 -154
1 226 -26
0 -74 -83
0 -84 -81
0 -85 -74
3 150 78
1 195 -35
2 85 -128
2 60 -148
2 59 -130
3 155 73
1 224 -7
3 168 115
1 171 -36
1 232 -15
2 50 -136
2 64 -125
3 156 100
1 191 -14
0 -57 -88
1 206 -29
0 -71 -66
1 233 -23
0 -76 -80
4 -43 156
0 -76 -83
0 -108 -78
1 203 -34
3 159 82
1 228 -20
3 174 52
2 61 -133
2 57 -148
0 -78 -75
2 78 -148
2 59 -137
2 57 -151
4 -19 161
3 168 93
0 -78 -86
0 -99 -69
0 -93 -81
1 193 1
2 75 -144
1 205 -35
4 -42 142
0 -76 -64
3 162 80
0 -76 -95
2 58 -134
3 144 65
1 196 -27
3 151 73
3 155 101
0 -91 -96
2 79 -140
4 -36 160
0 -83 -81
1 193 -4
1 195 -23
1 218 -26
3 159 83
4 -18 155
0 -88 -75
1 207 -39
4 -60 153
4 -8 146
3 146 79
3 160 71
3 159 75
3 146 74
3 154 75
2 63 -149
1 204 -36
0 -104 -83
0 -85 -72
3 161 95
1 233 -37
1 217 -20
0 -76 -82
0 -96 -77
1 141 -16
2 57 -141
2 50 -145
1 189 -44
1 199 -36
1 176 -26
4 -7 156
2 82 -148
4 -31 155
0 -112 -77
3 148 45
3 152 99
1 199 -28
0 -106 -92
0 -98 -77
3 177 102
4 -18 149
0 -80 -88
4 -10 144
4 -12 154
1 222 -34
0 -86 -78
3 174 46
4 -11 149
2 62 -140
0 -76 -75
1 184 -48
3 169 104
3 160 94
3 169 103
3 153 88
3 173 88
2 57 -132
2 50 -140
4 -27 150
1 226 -36
3 166 76
1 188 -20
3 154 80
1 195 -53
4 -33 153
4 -22 139
2 50 -153
3 145 57
2 52 -139
3 163 82
3 144 115
4 -60 140
2 81 -146
1 217 -31
3 172 81
1 214 -39
3 145 93
2 63 -134
4 -33 144
3 148 108
3 159 103
3 162 115
4 -24 154
2 45 -141
2 44 -139
4 -32 153
4 -33 144
1 229 -13
4 -34 156
0 -98 -77
2 50 -137
0 -86 -77
0 -117 -77
2 48 -147
2 55 -143
2 52 -125
3 156 76
3 159 101
2 93 -152
3 177 60
1 156 -2
4 -33 150
2 59 -130
0 -99 -78
4 -30 154
0 -70 -80
2 69 -143
0 -113 -100
3 164 87
1 200 -33
1 211 -31
4 -31 155
4 -27 167
2 38 -123
4 -38 161
1 196 -4
1 204 -20
0 -130 -71
4 -5 151
3 171 50
3 165 74
1 204 -41
4 268 148
3 156 93
4 -21 156
0 -100 -81
4 -26 143
0 -72 -78
3 163 84
3 163 70
4 -27 144
0 -120 -90
3 153 68
3 143 84
1 204 -41
4 -32 157
4 -25 145
1 206 -25
4 2 155
3 169 76
2 75 -146
3 159 44
2 52 -138
4 3 151
1 239 -35
3 155 73
0 -73 -85
1 224 -45
0 -111 -83
2 103 -142
1 175 -30
1 217 -15
3 161 95
1 196 -37
1 189 -25
3 159 61
0 -116 -78
2 73 -146
3 157 85
2 79 -131
1 247 -28
4 -18 155
2 77 -144
1 179 -3
1 210 -21
4 -24 154
3 148 34
2 62 -149
0 -103 -73
4 -33 151
2 53 -143
1 181 -41
3 165 32
0 -80 -77
0 -102 -79
0 -115 -83
1 231 -24
4 -31 150
0 -64 -77
1 231 -50
4 -35 154
0 -80 -81
4 -47 152
2 39 -142
3 164 89
4 -21 158
0 -72 -80
2 84 -146
3 166 44
4 -37 152
2 70 -137
4 -34 144
4 10 153
1 233 -30
0 -82 -69
1 219 -11
0 -111 -79
1 206 -21
0 -74 -80
4 -19 156
3 154 50
0 -78 -72
1 213 -30
4 -10 156
3 155 82
2 43 -145
1 214 -23
1 202 -36
4 -39 151
4 -50 162
4 -35 149
1 191 -43
3 165 110
0 -67 -89
4 -32 157
1 177 -70
2 55 -134
0 -88 -75
4 -19 158
1 199 -10
2 50 -132
3 173 88
4 -11 153
2 76 -146
1 226 -42
1 192 -37
3 175 78
4 -28 151
3 160 91
2 84 -136
1 191 -55
2 78 -138
0 -106 -71
2 44 -136
0 -95 -82
1 186 -27
2 64 -139
1 161 -22
0 -74 -82
3 156 74
2 81 -133
0 -96 -76
0 -100 -67
3 164 75
0 -41 -87
2 53 -123
3 156 79
2 56 -126
0 -101 -72
2 90 -131
1 229 -58
2 65 -127
1 225 -19
0 -74 -64
1 198 -24
1 198 -32
4 -32 148
0 -73 -58
1 217 -26
4 -39 161
2 74 -127
1 212 -32
2 44 -134
2 86 -132
4 0 149
2 76 -157
1 226 -38
1 213 -60
2 43 -131
4 -27 158
3 162 51
0 -92 -79
0 -73 -79
3 157 65
3 165 75
2 92 -147
2 55 -138
4 -28 156
0 -99 -77
4 -16 153
3 174 85
1 178 -28
1 204 -37
4 -31 155
2 62 -121
0 -110 -71
2 61 -131
2 69 -142
4 -38 154
1 202 -22
1 146 -51
0 -73 -79
3 163 114
2 82 -121
3 154 65
0 -76 -82
4 -14 152
1 186 -14
4 -9 154
2 63 -131
0 -81 -89
0 -95 -79
1 176 -24
0 -88 -78
1 165 -11
4 -11 158
1 195 -45
0 -79 -81
2 62 -138
4 -37 163
0 -84 -70
4 -17 151
4 4 156
2 57 -129
4 -27 156
0 -99 -78
2 62 -133
1 201 -40
3 170 81
0 -90 -83
4 -56 161
4 -24 150
0 -63 -63
4 -4 152
4 -24 160
4 -20 152
0 -89 -84
2 74 -130
2 70 -148
2 72 -128
3 158 100
1 204 -52
1 192 -30
0 -102 -82
2 67 -134
0 -97 -83
2 55 -135
4 -14 166
4 -41 155
1 211 -29
3 145 97
4 -2 150
1 213 -41
2 66 -130
2 77 -137
1 201 -43
1 215 -32
0 -59 -80
3 159 77
4 -32 164
4 -23 154
4 -29 159
0 -81 -68
0 -50 -72
2 71 -126
0 -102 -71
2 94 -145
0 -78 -85
2 64 -123
1 228 -27
3 155 72
1 216 -56
3 164 75
0 -103 -76
3 164 67
3 153 80
4 -22 148
4 -1 156
0 -80 -74
0 -65 -72
0 -97 -68
4 -22 163
0 -96 -80
3 165 44
1 205 -15
1 204 -6
0 -77 -83
0 -90 -90
2 85 -142
0 -63 -81
2 86 -142
2 49 -137
0 -76 57
2 65 -120
3 138 104
2 84 -136
2 52 -134
2 88 -127
0 -107 -71
1 208 -27
4 -37 159
2 65 -136
2 66 -128
0 -101 -57
2 71 -134
0 -99 -70
4 -28 158
4 -27 159
3 161 57
4 -12 156
2 58 -131
4 -3 158
0 -55 -76
3 166 84
2 95 -136
3 162 65
3 147 98
3 174 75
3 156 81
2 56 -123
1 212 -2
2 67 -145
2 78 -127
0 -97 -67
4 5 146
1 199 -40
2 56 -135
3 158 93
3 152 101
2 62 -128
0 -69 -69
3 162 81
3 167 77
3 154 81
4 -12 151
1 193 -45
1 203 -37
4 -46 153
2 82 -141
4 -34 151
4 -8 156
3 159 107
4 -29 149
2 54 -139
3 148 67
4 9 165
0 -102 -81
3 161 100
3 162 50
3 162 80
3 154 91
4 -39 156
2 90 -139
4 -19 154
1 198 -12
2 63 -133
2 115 -133
0 -95 -67
4 -49 147
1 192 -38
4 2 154
3 162 112
4 -26 158
4 -17 163
1 180 -36
1 222 -25
4 -14 156
2 74 -122
1 198 -40
2 80 -131
3 151 61
1 193 -13
3 154 91
4 -13 162
3 168 95
0 -104 -78
1 215 -14
4 -36 155
1 196 -33
3 156 48
4 -30 156
2 65 -130
0 -99 -64
1 209 -46
2 51 -117
4 -1 152
4 -27 151
4 -37 153
2 77 -131
4 -41 157
3 152 92
0 -65 -76
3 158 69
1 195 -32
2 56 -133
4 -35 153
3 165 65
4 -12 168
1 199 -30
4 -25 151
2 86 -143
3 131 65
2 78 -137
0 -57 -71
0 -96 -73
1 209 -32
4 -18 162
0 -134 -75
2 70 -118
2 81 -129
0 -80 -74
0 -106 -85
4 -20 157
2 69 -140
1 192 -29
2 77 -124
3 152 109
0 -76 -70
0 -106 -77
4 -7 158
1 216 -24
0 -95 -64
1 226 -25
4 -30 240
4 -2 149
1 216 -24
1 176 -5
3 149 97
4 -28 162
3 156 84
0 -54 -76
1 241 -51
2 61 -132
4 -4 159
1 238 -31
1 179 -28
2 71 -136
1 197 -10
0 -93 -77
0 -63 -61
1 215 -28
2 56 -128
0 -101 105
4 -38 146
1 234 -40
3 150 81
4 -33 150
3 158 43
2 67 -132
0 -97 -72
1 211 -19
0 -84 -73
1 191 -43
3 157 80
3 155 97
1 210 -32
2 64 -120
1 198 -68
0 -94 -67
0 -94 -75
3 149 57
4 -37 152
3 159 73
1 223 -38
2 90 -135
0 -79 -70
1 195 8
0 -59 -74
3 141 -111
0 -50 176
1 232 -28
1 228 -16
1 187 -47
4 -15 155
0 -91 -73
1 229 -26
2 60 -120
2 66 -135
2 60 -136
3 150 93
4 -11 162
3 163 96
1 198 -41
2 93 -145
1 168 -5
4 -9 154
1 216 -32
1 197 -31
1 207 -25
3 171 66
3 145 98
0 -79 -66
0 -78 -72
1 235 -43
1 186 -17
0 -78 -73
0 -101 -79
0 -82 -76
0 -59 -69
0 -98 -84
1 217 -3
1 202 -43
1 211 -15
4 -28 163
3 170 82
0 -107 -77
3 163 57
2 89 -123
3 151 74
2 72 -144
3 183 87
0 -108 -78
1 200 -27
4 -18 158
3 157 79
0 -100 -82
2 74 -144
3 142 94
2 67 -124
4 -50 161
4 -41 152
4 -19 156
2 53 -146
0 -66 -74
0 -105 -81
2 63 -134
4 -41 159
4 -1 157
0 -88 -71
2 42 -138
1 215 -54
1 232 -44
4 -37 159
1 199 -34
4 -34 157
2 67 -118
1 181 -10
2 56 -136
0 -82 -70
0 -105 -74
2 75 -136
4 -13 160
1 193 -36
2 89 -134
1 212 -21
1 234 -42
3 150 47
3 163 124
4 -5 160
4 10 161
1 206 -17
1 165 -55
2 85 -133
3 156 99
2 79 -132
3 162 75
3 159 71
1 181 -30
1 186 -23
4 -25 158
2 62 -135
4 -32 161
2 56 -127
3 166 85
4 -21 163
2 59 -134
3 161 108
2 77 -136
2 94 -133
2 82 -138
4 -30 165
3 161 100
4 -32 157
4 -30 159
1 215 -38
2 68 -108
1 212 -37
4 -36 154
2 79 -128
2 101 -133
0 -71 -67
3 166 86
1 224 -2
0 -69 -58
4 -37 158
0 -108 -70
2 66 -127
3 164 78
4 -27 164
1 202 -37
3 141 55
4 -20 156
0 -74 -69
2 80 -124
4 -24 155
4 -19 159
1 190 -29
4 -40 168
4 -23 156
4 -18 162
0 -112 -71
4 -7 153
0 -49 -63
2 70 -132
4 -11 166
2 119 -119
3 168 117
1 202 -30
4 -33 158
1 171 0
1 192 -46
1 233 -25
1 165 -24
0 -64 -88
3 157 62
0 -93 -64
4 -24 166
0 -93 -72
3 147 90
4 -13 163
2 83 -132
2 46 -127
4 -2 169
2 74 -154
3 166 69
0 -94 -71
0 -67 -73
2 77 -137
4 -5 164
3 163 83
0 -82 -66
2 52 -139
4 -2 150
4 -20 161
0 -84 -64
2 98 -128
3 143 75
2 84 -130
0 -99 -71
0 -98 -70
2 58 -145
4 -37 166
2 46 -116
0 -97 -80
0 -88 -75
1 197 -41
2 66 -142
3 154 95
4 -24 169
4 -14 160
2 59 -127
0 -72 -80
0 -102 -79
1 216 -30
3 169 66
2 61 -122
4 -20 166
4 -11 168
4 -2 159
2 61 -129
2 64 -130
0 -59 -66
0 -69 -81
1 191 -34
4 -14 150
0 -91 -71
3 157 100
1 218 -25
2 80 -115
4 -40 165
3 173 62
3 154 86
1 192 -54
1 198 -15
1 209 -24
0 -53 153
1 215 -44
4 -31 163
0 -75 -67
1 210 -57
2 62 -120
0 -61 -58
0 -75 -71
2 89 -135
1 201 -21
2 92 -126
0 -72 -72
0 -86 -74
0 -71 -68
3 163 82
3 153 114
2 85 -132
3 150 83
1 207 -44
0 -92 -63
4 -10 152
4 -46 160
0 -91 -73
0 -125 -69
3 160 80
0 -55 -76
0 -96 -74
3 173 84
0 -93 -58
1 207 -19
1 209 -46
1 216 -36
3 148 75
4 1 160
2 78 -142
4 -19 161
2 83 -125
2 43 -129
4 3 169
2 67 -129
1 204 -15
4 10 158
0 -70 -79
1 164 -42
2 76 -134
1 197 -32
4 -14 167
4 -25 153
1 180 -28
3 143 93
3 162 67
4 -7 157
1 213 -33
4 -6 160
4 -25 160
2 86 -122
1 184 -20
4 -14 164
3 174 98
4 -16 153
2 58 -133
3 154 80
1 195 -32
4 -27 165
0 -66 -67
4 -16 164
2 86 -120
2 54 -137
3 165 79
1 220 -13
3 154 73
1 238 -39
0 -76 -89
4 -12 170
2 95 -128
2 70 -131
4 6 167
3 168 60
2 64 -119
4 -12 166
3 142 94
4 -30 164
2 67 -121
0 -61 -62
4 -26 167
0 -88 -67
2 63 -120
2 80 -129
3 142 72
2 101 -131
2 66 -128
3 133 102
4 6 158
0 -68 -65
4 -15 163
2 112 -144
1 222 -19
3 166 52
0 -85 -73
4 -16 163
2 72 -129
1 224 -21
2 80 -132
3 161 89
3 155 101
2 97 -131
3 150 99
4 -12 168
0 -38 -76
2 83 -127
3 -127 72
2 59 -129
4 -15 159
4 -34 167
0 -59 -74
2 70 -113
2 46 -121
4 -14 163
2 91 -125
4 -11 157
0 -79 -71
2 66 -114
3 160 84
3 160 73
0 -104 -73
2 40 -130
4 -38 174
2 63 -129
1 203 -5
3 166 65
3 171 85
3 161 116
4 2 166
1 202 -44
0 -74 -67
3 153 94
4 -34 161
4 -8 169
1 222 -41
4 -37 164
3 157 92
0 -111 -90
2 92 -122
4 -15 163
2 66 -133
3 154 82
3 163 97
0 -66 -76
4 -31 163
0 -48 -69
0 -88 -72
4 0 160
1 159 -24
2 83 -121
2 63 -124
4 -4 154
2 77 -127
3 156 110
2 94 -135
0 -70 -71
4 -7 163
4 -3 165
3 156 49
3 145 36
4 4 172
2 67 -127
4 -17 162
0 -65 -58
2 83 -138
2 71 -132
2 62 -122
1 240 -25
4 6 169
2 80 -119
3 152 51
4 -13 168
3 146 98
4 -32 165
3 166 113
1 216 -3
2 77 -140
0 -75 -65
2 104 -142
3 163 66
1 172 -10
4 -24 163
3 159 82
2 55 -143
3 155 92
0 -59 -67
2 59 -128
1 197 -33
1 186 -32
0 -83 -66
1 195 -39
1 206 -69
4 -22 161
1 230 -26
4 -4 158
0 -58 -80
4 -31 160
1 202 -25
3 163 66
2 64 -126
3 148 111
4 -21 167
0 -68 -76
4 -48 166
0 -53 -69
1 213 -13
1 220 -42
3 156 131
0 -38 -79
3 155 54
2 80 -129
0 -112 -71
0 -72 -78
4 20 165
3 161 59
1 204 -2
0 -64 -78
0 -64 -65
0 -74 -67
2 83 -132
0 -95 -60
4 7 163
0 -61 -69
1 166 -30
2 77 -122
0 -54 -60
4 -19 161
2 73 -139
0 -95 -50
0 -52 -73
1 218 -33
1 228 -28
2 94 -127
0 -73 -74
3 163 89
0 -82 -61
4 -1 156
4 -38 161
3 154 79
4 -37 162
0 -74 -70
0 -51 -75
1 213 0
2 73 -145
3 147 73
0 -87 -68
4 -19 161
4 -14 170
2 70 -125
1 201 -25
0 -71 -63
4 1 166
0 -81 -69
4 -5 164
1 177 -42
4 -3 166
0 -80 -77
2 62 -125
1 251 -25
4 -33 162
2 44 -131
0 -60 -69
3 160 73
4 -16 169
1 220 -24
2 44 -121
1 209 3
2 78 -127
0 -82 -81
2 75 -121
4 -9 168
0 -95 -70
3 158 56
0 -52 -70
0 -80 -64
0 -41 -60
3 170 106
0 -81 -71
3 152 67
4 -2 174
0 -69 -69
1 192 -26
0 -65 -61
2 76 -121
0 -65 -71
1 201 -27
0 -61 -72
4 -33 161
1 202 -31
0 -50 -61
4 -8 169
4 -21 164
1 208 -25
1 218 -33
2 82 -121
0 -93 -69
2 55 -116
4 24 166
1 204 -22
3 147 74
0 -88 -57
4 -40 169
2 89 -136
3 160 102
2 96 -122
2 70 -124
3 158 65
4 1 173
0 -86 -69
1 158 -29
3 157 96
3 151 97
4 1 175
0 -71 -60
0 -50 -66
3 145 86
3 156 91
1 218 -41
4 -9 168
2 90 -120
0 -83 -61
4 -4 162
2 43 -125
3 162 69
4 -16 158
4 -45 164
0 -82 -69
4 -10 167
0 -71 -56
2 77 -124
2 103 -139
3 157 104
0 -60 -76
1 198 -29
1 183 -29
2 68 -118
3 158 95
0 -73 -72
2 94 -121
2 82 -136
4 -5 171
3 162 83
4 9 167
4 -11 162
1 192 -37
1 197 -49
4 -46 170
3 154 85
2 77 -124
3 155 93
1 212 -29
0 -78 -59
3 151 93
2 65 -133
3 157 84
1 220 -38
0 -96 -63
4 -7 170
3 162 77
0 -73 -74
2 58 -120
3 148 95
4 7 158
3 176 83
2 78 -108
1 203 -23
3 161 101
3 155 77
0 -74 -65
0 -109 -66
2 83 -118
3 164 58
4 -30 167
3 158 56
3 151 60
4 11 166
0 -56 -63
1 213 -41
1 187 -31
1 226 -17
0 -91 -62
0 -79 -68
4 -18 174
2 84 -131
1 221 -51
0 -80 -68
4 -32 169
1 211 -31
3 171 75
3 162 88
0 -86 -63
4 -37 172
4 -6 171
3 154 83
1 222 -37
4 -40 162
4 -2 165
1 190 -52
0 -72 -67
3 166 85
0 -99 -54
1 194 -43
3 156 96
0 -81 -71
0 -71 -72
3 151 82
0 -74 -62
4 -4 169
2 82 -138
1 203 -29
0 -61 -72
1 227 -39
3 159 57
3 154 59
0 -53 -58
2 99 -129
2 47 -130
4 -20 166
3 165 68
0 -56 -64
4 0 169
3 146 78
2 53 -110
2 78 -135
4 0 163
4 -9 166
1 228 -1
1 182 -38
1 209 -33
4 -1 167
3 163 113
3 161 54
4 -2 167
1 211 -26
1 183 -24
1 203 -46
0 -64 -61
1 176 -15
1 202 -45
3 158 64
1 205 -36
4 -28 171
4 -6 165
0 -83 -71
4 -27 160
2 64 -125
2 73 -125
2 76 -120
3 159 58
0 -82 -73
1 193 -6
3 155 38
3 165 49
1 171 -16
3 151 88
0 -95 -77
4 -26 165
2 57 -125
4 -13 175
3 162 104
0 -64 -65
3 156 107
1 205 -23
4 -3 155
3 149 94
4 -26 158
4 -5 163
2 72 -118
3 146 100
1 184 -32
3 165 82
4 -12 167
1 193 -45
2 73 -119
1 213 -32
4 -24 175
3 158 78
2 95 -110
2 84 -132
2 60 -123
1 145 -44
2 93 -119
1 206 -12
0 -41 -55
2 69 -134
4 -19 167
2 59 -111
2 61 -135
2 90 -134
0 -42 -67
4 -15 160
4 -42 169
4 15 168
4 4 161
4 -31 173
0 -56 -77
2 61 -128
1 244 -45
0 -85 -61
4 -8 160
1 207 -62
0 -44 -63
4 15 172
2 73 -119
0 -95 -72
2 93 -144
0 -72 -58
4 11 167
1 206 -43
4 -12 167
0 -87 -67
2 84 -121
0 -53 -56
2 90 -130
3 168 74
4 -21 171
4 11 172
2 98 -121
2 84 -125
4 3 167
4 -14 164
0 -96 -68
1 216 -25
4 10 163
4 -46 167
1 212 -25
4 -27 167
4 -23 159
0 -73 -65
0 -69 -66
0 -99 -67
1 205 -36
1 202 -30
1 202 -21
4 -30 176
2 97 -123
0 -87 -64
1 206 -31
1 208 -39
0 -38 -48
4 -33 181
1 210 -28
0 -48 -53
1 199 -1
2 81 -123
3 150 76
0 -101 -67
0 -95 -66
4 -22 170
2 70 -132
3 162 92
0 -90 -61
0 -93 -62
3 163 81
0 -65 -65
2 54 -132
2 80 -121
3 141 59
4 -10 174
1 200 -59
2 88 -129
1 194 -20
0 -85 -73
1 201 -47
1 232 -15
4 -3 164
2 83 -123
4 -26 171
2 68 -116
3 170 75
4 -2 164
4 -14 165
0 -69 -62
4 19 172
1 185 -6
3 156 70
1 216 -52
3 144 93
4 -39 164
4 -20 168
1 249 -25
2 75 -127
1 175 -26
0 -56 -62
0 -52 -59
1 188 -13
4 -35 168
2 101 -106
0 -50 -70
3 160 94
1 156 -50
0 -87 -70
0 -87 -72
0 -86 -57
2 75 -122
1 201 -22
0 -58 -61
1 174 -44
3 169 82
3 167 75
0 -115 -71
1 215 -33
1 202 -16
2 83 -132
3 145 108
2 92 -116
1 180 -2
2 92 -119
2 98 -111
3 159 94
1 194 -42
1 -188 -44
3 152 46
2 61 -113
3 168 87
2 93 -120
0 -73 -63
0 -73 -55
2 89 -111
1 184 -28
4 -9 166
2 57 -117
4 4 172
2 61 -116
3 159 70
3 163 52
0 -60 -222
4 -29 165
1 231 -32
2 101 -136
2 102 -103
2 84 -113
0 -80 -62
1 208 -40
4 -3 176
3 162 71
3 150 88
0 -99 -59
2 96 -125
3 156 103
2 76 -119
0 -50 -63
0 -59 -61
4 -9 168
4 -7 173
1 193 -21
2 79 -111
3 164 68
3 160 104
3 164 84
4 -5 166
2 75 -119
0 -63 -68
1 194 -42
2 91 -129
4 -36 167
2 109 -122
0 -52 -60
3 171 106
0 -52 -65
1 187 -22
0 -79 -65
0 -102 -52
3 175 95
3 153 65
0 -91 -64
4 -24 169
3 167 109
2 75 -123
1 194 -24
4 -20 165
1 225 -29
1 217 -32
4 7 172
2 117 -114
2 77 -118
2 78 -119
1 168 -37
2 90 -130
1 222 -42
2 91 -121
1 209 -41
1 217 -25
4 -10 171
1 250 -57
2 94 -120
2 103 -106
0 -67 -68
3 166 104
2 106 -116
2 74 -127
2 74 -120
1 203 -22
1 227 -4
3 159 111
2 72 -109
1 206 -33
1 209 -47
3 150 101
2 63 -119
3 162 76
1 198 -15
1 237 -27
1 179 -21
0 -91 -63
2 100 -119
1 206 -54
2 97 -126
2 96 -137
2 75 -109
3 155 73
2 81 -123
3 165 74
0 -84 -65
1 214 -13
2 82 -117
0 -76 -55
0 -59 -66
1 188 -32
3 154 86
3 160 119
4 -17 167
3 144 80
3 148 108
2 80 -109
2 87 -113
2 71 -114
4 -7 180
2 85 -120
2 73 -105
1 238 -26
2 89 -138
2 104 -125
3 141 75
4 -22 167
0 -93 -66
1 204 -21
0 -65 -59
1 220 -12
2 86 -123
1 234 6
3 155 72
1 242 2
2 66 -122
3 155 48
3 160 49
2 85 -106
3 153 63
2 75 -133
4 -4 174
4 -38 173
0 -55 -55
4 -15 164
0 -47 -56
4 10 166
1 235 -23
2 93 -111
1 204 -27
2 44 -138
2 77 -129
3 169 113
1 188 -13
2 77 -113
1 181 -21
4 21 176
3 148 69
0 -87 -55
4 18 168
4 4 170
2 78 -120
4 -20 173
0 -67 -53
2 77 -129
1 215 -4
2 88 -124
0 -66 -70
0 -77 -61
3 152 80
2 69 -126
1 201 -41
2 96 -128
3 153 88
4 -6 167
0 -69 -54
2 99 -117
1 217 -24
4 -28 169
0 -36 -68
2 85 -131
4 3 167
2 88 -128
3 149 92
2 80 -110
3 151 99
0 -87 -66
2 85 -123
2 74 -113
0 -82 -60
2 76 -123
3 158 100
3 148 47
4 -5 168
2 72 -111
2 77 -104
4 -36 167
2 88 -127
0 -58 -60
4 -1 170
4 22 170
4 3 177
3 165 94
1 173 -44
3 174 50
2 98 -117
1 218 -46
4 3 185
2 80 -135
4 -2 176
3 159 73
3 160 76
1 169 -39
0 -73 -58
4 6 172
4 0 173
3 164 88
2 69 -129
3 172 71
0 -76 -58
1 216 -20
1 218 -27
1 214 -40
2 91 -117
3 159 70
3 163 82
0 -68 -71
2 65 -117
4 -20 169
4 -37 169
0 -63 -65
1 201 -23
3 165 48
3 146 91
1 194 -27
1 198 -41
1 207 2
0 -69 -51
3 157 58
1 216 -38
4 -17 173
3 165 112
4 -12 177
4 -14 165
4 0 163
4 -26 171
1 237 -44
1 193 -25
0 -46 -54
1 196 -21
1 199 -18
4 0 168
0 -83 -62
0 -61 -62
4 -18 129
3 147 98
3 163 56
2 90 -108
0 -36 -53
4 -24 172
0 -82 -54
2 92 -116
3 164 81
0 -63 -57
1 216 -36
0 -50 -67
2 72 -96
1 189 -55
3 165 91
2 62 -118
4 -19 177
0 -100 -67
1 188 -27
4 -12 178
2 74 -128
0 -45 -63
0 -69 -66
2 66 -127
4 9 168
2 97 -122
0 -76 -70
2 65 -118
1 181 -20
2 99 -127
4 -23 164
2 98 -118
4 -19 174
4 -27 166
1 212 -4
4 7 174
3 156 65
3 165 96
0 -59 -74
0 -79 -61
4 -20 169
2 71 -112
0 -56 -62
4 -6 168
2 69 -124
2 87 -109
2 101 -107
0 -141 -45
4 -17 174
3 167 75
3 162 69
4 -30 166
0 -83 -53
4 -6 178
0 -88 -54
0 -61 -62
4 2 171
0 -78 -58
2 91 -108
3 172 63
3 153 86
2 96 -126
3 149 64
4 -9 171
1 211 -20
2 97 -115
1 196 -47
1 161 -47
0 -73 -49
1 219 -32
3 147 143
2 77 -121
2 74 -120
1 200 -10
0 -64 -56
0 -69 -50
2 95 -133
4 -15 171
3 145 46
4 13 173
2 92 -112
1 194 -12
0 -67 -47
2 83 -116
4 11 171
3 156 45
4 -12 166
4 2 181
3 146 80
4 -18 170
1 220 -33
2 60 -120
4 -9 173
4 -3 175
3 151 99
3 159 117
4 3 172
1 183 -22
0 -81 -60
1 210 -60
2 92 -110
2 98 -115
3 180 70
3 157 63
4 -15 171
2 82 -106
4 -2 169
0 -47 -48
2 103 -120
1 216 -38
4 -22 167
3 161 99
1 195 -32
4 -5 163
1 186 -20
3 150 67
2 78 -111
4 22 172
0 -65 -53
2 93 -113
3 151 102
4 -2 171
4 -11 182
1 204 -16
1 183 -52
0 -64 -60
4 7 174
1 159 -38
1 194 -18
4 11 180
2 60 -122
4 9 170
3 167 82
3 166 89
4 -20 169
0 -70 -65
0 -77 -49
2 88 -125
3 157 81
2 89 -124
4 -9 177
2 96 -130
1 216 -33
3 163 77
3 164 66
2 91 -119
2 78 -118
2 -27 -101
4 18 174
3 167 106
4 10 179
1 204 -7
1 204 -33
0 -81 7
1 217 -23
1 229 -37
2 86 -119
4 -5 174
4 2 174
4 -10 179
2 84 -116
1 214 -37
2 97 -122
2 89 -114
1 209 -33
4 -26 180
1 178 -31
1 233 -6
0 -93 -44
1 215 -30
0 -47 -63
0 -74 -52
1 179 -20
2 70 -110
2 93 -111
3 168 113
1 193 -30
0 -72 -43
1 246 -15
3 168 52
3 158 34
3 138 55
0 -74 -62
4 -22 175
2 63 -126
0 -65 -50
2 68 -125
3 155 80
1 228 -34
0 -65 -51
2 89 -126
4 -19 172
0 -54 -66
1 155 -40
2 118 -119
2 106 -119
2 88 -126
2 125 -115
4 2 176
4 -19 172
0 -39 -60
4 -21 166
4 11 170
1 206 -42
0 -48 -60
2 82 -112
3 158 57
0 -72 -52
2 90 -124
4 31 169
2 85 -111
1 214 -30
1 217 -15
1 176 -39
1 208 -55
4 16 173
4 19 168
3 149 70
0 -80 -57
2 107 -123
4 -24 170
1 197 -46
3 154 78
1 185 -53
1 214 -15
3 153 63
0 -60 -52
0 -66 -59
2 74 -121
2 109 -126
0 -73 -53
3 163 60
4 -7 182
2 103 -105
1 191 -11
2 114 -110
4 -18 173
2 92 -107
1 191 -39
1 201 -14
4 1 182
2 72 -114
1 196 -43
2 94 -105
3 174 96
0 -23 -54
0 -93 -59
0 -80 -59
3 160 100
2 86 -131
3 143 96
0 -61 -64
0 -49 -53
3 169 70
4 8 177
1 187 -23
2 77 -108
1 199 -22
1 219 -36
0 -27 -62
4 -39 175
1 219 -14
0 -86 -63
2 92 -113
2 96 -100
3 149 90
1 171 -35
3 164 77
2 95 -118
4 19 175
2 104 -97
3 157 118
2 81 -127
2 99 -109
2 95 -110
0 -89 -66
4 -7 179
4 -29 181
4 -4 175
2 94 -123
0 -68 -51
2 112 -110
1 204 -13
2 100 -117
1 236 -59
0 -102 -50
4 -2 181
1 188 -5
3 153 59
0 -81 -60
2 82 -119
4 1 178
4 2 177
3 159 124
3 144 50
4 15 174
4 -9 178
3 162 77
1 188 -35
3 169 80
0 -87 -58
4 -4 172
0 -58 -67
1 172 -38
4 1 180
4 6 187
3 152 67
1 171 -19
0 -57 -49
4 3 179
0 -56 -56
0 -83 -55
3 159 85
2 71 -116
1 180 3
1 176 -34
4 1 175
2 74 -120
2 95 -121
0 -2 -37
4 -3 171
3 166 91
0 -42 -57
4 -9 178
4 -13 173
4 17 165
3 152 72
0 -73 -57
3 151 73
3 166 58
0 -58 -46
0 -50 -57
3 157 93
1 223 -7
0 -81 -58
0 -71 -58
2 120 -109
1 200 -23
4 7 179
3 134 70
3 163 69
3 150 82
0 -65 -55
2 84 -104
2 76 -133
0 -45 -56
3 164 54
3 157 58
2 85 -114
2 96 -119
0 -105 -46
1 182 -21
2 84 -109
1 240 -9
2 102 -107
0 -65 -53
4 -15 187
4 -21 172
2 88 -118
0 -60 -59
0 -59 -49
4 7 180
1 171 -14
0 -73 -52
0 -65 -40
3 160 88
3 165 86
1 222 -33
2 98 -98
1 214 -19
4 -6 185
2 85 -109
4 15 168
0 -75 -71
4 -25 172
2 65 -122
2 57 -122
3 165 87
4 -22 178
2 85 -132
0 -94 -57
3 160 75
2 95 -120
3 160 61
3 163 77
2 62 -124
4 7 177
4 -1 180
3 160 91
2 80 -100
2 77 -105
2 89 -123
0 -65 -52
1 195 -24
1 150 -30
0 -38 -52
0 -68 -55
3 174 86
3 170 91
2 59 -106
2 91 -105
1 208 -35
0 -39 -55
3 143 113
0 -44 -59
4 -10 172
1 217 -38
2 90 -112
2 77 -112
3 162 81
0 -64 -49
0 -78 -57
3 153 123
4 -14 175
2 77 -100
1 230 -28
1 157 -10
0 -80 -56
4 -2 164
1 185 -24
1 205 -26
4 1 181
4 -15 179
0 -54 -73
1 215 -25
2 94 -128
2 85 -116
0 -64 -53
1 207 -30
4 13 188
0 -81 -62
4 -24 183
2 61 -113
2 114 -110
0 -30 -51
2 110 -96
1 229 -1
3 160 91
0 -60 -51
1 223 -23
4 -27 183
4 10 189
4 24 172
0 -75 -55
4 -7 180
1 196 -15
3 154 51
4 -12 174
3 158 81
2 94 -122
3 160 108
3 150 69
0 -47 -68
3 153 79
0 -39 -52
0 -76 -64
3 156 103
3 155 48
2 85 -96
1 182 -30
1 204 -55
0 -47 -59
2 66 -107
4 -9 180
3 162 63
1 203 -49
2 71 -114
2 -8 -107
0 -49 -57
3 167 90
3 159 99
3 171 85
2 82 -102
2 80 -117
2 59 -110
2 100 -117
1 224 -58
4 5 185
0 -51 -54
1 210 -10
4 -6 177
3 161 19
0 -87 -59
3 163 92
3 166 100
0 -37 -54
2 74 -122
3 158 93
1 202 -29
2 103 -121
3 148 78
3 174 59
4 -11 168
1 180 -22
3 162 91
3 160 68
3 156 48
4 -8 173
3 158 102
2 97 -117
2 128 -120
1 191 -57
0 -93 -39
0 -72 -47
2 85 -123
4 -14 170
1 207 -17
3 173 80
2 90 -105
1 214 -28
2 121 -104
1 215 10
0 -56 -61
3 140 56
1 210 -16
3 157 61
4 -10 173
3 168 85
1 171 -2
4 -25 176
3 155 65
4 2 176
2 97 -98
0 -62 -56
4 -25 177
0 -34 -57
1 185 -9
2 105 -125
2 87 -117
4 -1 177
2 71 -107
3 171 79
1 217 -20
3 175 107
3 155 115
1 193 -33
1 214 -44
1 210 -32
1 209 -30
4 4 170
1 169 -33
4 15 169
4 2 186
4 4 184
0 -74 -55
1 225 -11
2 108 -106
4 -36 181
3 153 76
3 145 41
3 144 83
0 -52 -62
3 163 88
2 126 -101
3 166 72
4 13 170
0 -66 -54
4 -10 180
3 164 49
3 155 78
4 -31 181
3 170 94
3 158 64
0 -73 -45
3 178 77
0 -57 -47
0 -61 -57
0 -47 -50
2 85 -125
3 161 87
0 106 -52
2 68 -119
1 186 -28
2 74 -112
1 237 -26
4 -12 170
0 -44 -52
1 232 -28
4 -11 173
4 -4 180
2 76 -111
1 207 -23
2 102 -124
4 13 181
3 161 92
4 -24 175
3 165 91
2 114 -119
3 158 102
3 157 88
3 151 93
3 165 102
4 14 182
3 151 72
2 72 -132
3 146 94
1 194 -11
1 218 -33
2 91 -108
2 100 -110
0 -66 -62
0 -55 -60
2 73 -114
0 -37 -42
0 -57 -53
2 106 -127
3 140 81
0 -36 -50
1 190 -6
1 217 -12
0 -88 -60
1 185 -35
2 81 -125
2 93 -90
0 -80 -51
0 -62 -62
0 -46 -54
2 89 -107
4 -11 184
0 -91 -35
3 158 76
0 -72 -53
1 202 -20
3 172 48
1 209 -24
1 208 -23
4 10 177
0 -109 -50
0 -43 -44
2 70 -95
1 199 -25
1 192 -37
2 66 -112
0 -46 -50
1 176 6
1 207 -18
0 -27 -63
4 24 180
0 -70 -52
2 88 -108
3 154 75
1 208 -25
0 -85 -49
3 165 93
0 -70 -48
1 206 -47
3 166 84
2 84 -101
3 152 85
4 7 184
3 154 57
0 -45 -44
0 -57 -58
0 -13 -49
1 235 -17
3 166 86
3 163 89
3 144 77
2 78 -121
3 162 72
0 -49 -46
1 212 -6
3 159 116
2 79 -112
3 160 85
2 73 -116
3 154 82
3 155 65
4 0 186
2 90 -122
0 -45 -55
1 195 -46
2 109 -109
3 149 59
3 154 106
3 163 109
1 194 -26
4 25 179
0 -75 -56
2 93 -110
4 14 178
3 159 108
3 158 78
1 186 -34
1 226 -27
4 -6 174
4 38 179
4 5 185
4 -9 175
1 217 -34
0 -57 -61
0 -94 -45
2 85 -106
0 -55 -49
3 125 72
0 -55 -56
3 160 60
2 103 -97
3 155 63
1 175 -37
4 -14 176
1 197 -38
1 206 -16
4 -11 185
2 47 -110
0 -69 -47
0 -86 -53
2 81 -101
2 112 -108
4 12 175
0 -49 -52
2 70 -100
2 68 -116
1 190 -19
4 -13 183
3 163 104
2 78 -122
1 195 -35
0 -42 -54
1 198 -33
0 -72 -67
2 112 -109
2 110 -118
2 98 -107
2 111 -104
1 178 -41
2 112 -111
3 165 53
2 90 -103
0 -62 -48
0 -26 -49
1 194 -28
1 238 -29
4 0 177
1 187 -32
1 165 -24
4 -12 179
2 93 -114
4 -26 178
0 -64 -50
4 1 182
0 -29 -51
2 106 -100
3 167 59
1 218 -35
1 196 -23
2 84 -102
1 226 -30
4 20 179
3 151 71
3 156 87
2 77 -111
1 194 -18
1 212 -13
1 193 -29
2 108 -109
3 144 69
4 -3 178
4 -5 180
1 207 -41
4 1 183
4 -6 171
4 2 184
2 101 -113
2 102 -97
4 24 187
1 187 -16
2 101 -114
3 159 33
0 -62 -44
4 27 188
2 78 -111
3 159 96
0 -49 -59
1 207 -49
0 -56 -60
4 23 187
2 72 -103
0 -66 -51
1 216 -13
4 -22 179
0 -80 -50
4 16 189
1 257 -31
2 87 -106
0 -87 -40
2 94 -112
4 13 177
4 -17 185
1 166 -26
0 -49 -59
2 95 -111
3 163 83
2 76 -104
0 -41 -63
2 77 -108
0 -59 -35
2 111 -97
3 150 74
4 2 180
3 155 63
3 171 92
2 101 -113
0 -41 -48
1 246 -24
0 -67 -52
4 4 184
4 -21 178
1 252 -27
3 147 72
4 -22 191
4 15 183
1 206 -37
2 123 -119
0 -83 -53
0 -44 -37
4 -3 171
2 109 -103
2 110 -109
3 159 73
4 11 190
0 -58 -42
2 89 -95
1 196 -46
4 -1 181
4 4 178
4 6 182
4 1 187
4 7 182
4 -5 184
0 -85 -48
4 -17 182
2 104 -120
2 115 -109
1 177 -41
2 84 -116
1 189 -42
4 -16 180
4 5 183
3 150 55
0 -64 -53
0 -51 -60
1 223 -30
2 88 -118
0 -26 -36
0 -53 -52
4 19 186
3 147 73
2 94 -100
2 101 -109
0 -8 -49
3 157 54
1 208 -41
1 193 -21
4 -12 177
1 227 -15
4 -26 186
0 -73 -46
2 98 -102
2 109 -116
2 118 -107
2 91 -105
2 107 -101
4 3 183
1 229 -18
4 22 185
1 219 -6
0 -45 -55
0 -74 -42
1 209 -41
4 27 182
0 -58 -47
0 -32 -45
4 1 179
1 203 -49
1 221 -10
2 80 -102
2 105 -101
1 196 -25
1 176 -52
0 -74 -51
3 174 86
1 207 -28
0 -85 -60
4 4 188
1 235 -18
3 168 89
2 59 -109
3 169 91
4 -3 191
0 -34 -39
3 158 90
0 -43 -35
0 -27 -60
3 173 73
2 117 -108
3 154 102
0 -90 -49
2 72 -102
0 -75 -53
0 -47 -53
2 86 -111
3 144 71
2 112 -119
2 79 -108
3 150 65
0 -46 -54
4 5 181
3 147 80
3 154 72
2 88 -96
1 205 -54
4 -6 192
1 192 -14
2 65 -106
4 9 188
3 152 62
4 26 175
1 178 -29
2 110 -114
1 213 -31
1 191 -29
2 120 -101
0 -44 -42
4 -10 181
2 96 -99
1 198 -9
3 165 63
2 104 -108
3 174 75
0 -59 -43
0 -60 -46
2 93 -110
1 219 -32
2 101 -110
0 -61 -59
3 156 85
0 -39 -45
0 -72 -45
1 164 -35
4 -14 177
0 -72 -42
2 120 -101
1 226 -3
4 18 190
0 -101 -34
1 205 -63
2 101 -101
0 -62 -63
2 115 -104
1 233 -41
1 170 -47
4 -2 186
3 155 71
2 78 -98
4 13 188
4 9 183
0 -32 -45
4 -4 180
2 108 -117
1 165 -7
4 -3 179
0 -62 -52
0 -43 -38
1 204 -28
1 196 -23
0 -68 -61
1 197 -39
0 -57 -65
4 -20 180
4 -6 183
1 196 -40
4 1 189
4 -27 191
1 189 -41
2 76 -98
2 99 -99
1 235 -23
4 -12 177
3 154 80
0 -22 -53
3 148 65
4 3 198
0 -92 -49
2 95 -95
2 79 -107
1 214 -42
2 101 -104
3 163 55
2 100 -119
1 200 -33
1 206 -42
3 158 75
1 219 -40
1 244 -28
0 -37 -46
0 -55 -42
1 200 -44
3 167 81
1 237 -51
2 87 -111
1 233 -11
0 -59 -53
2 110 -108
2 101 -115
1 198 -23
4 24 186
3 143 88
0 -75 -50
0 -27 -50
1 221 -41
3 170 86
2 84 -110
4 22 186
1 198 -32
2 80 -123
1 190 -32
0 -52 -44
3 139 102
3 160 98
1 196 -34
3 159 85
1 228 -32
2 92 -101
4 2 183
2 89 -111
3 154 82
1 203 -39
0 -67 -46
1 195 -36
2 94 -113
3 150 127
2 69 -116
1 216 -17
3 148 42
2 113 -107
1 195 -23
3 154 76
3 153 86
1 217 -31
1 225 -29
0 -82 -42
1 216 -32
3 164 91
4 3 182
2 96 -88
1 194 -38
2 74 -97
1 183 -3
4 -22 185
2 75 -120
0 -92 -45
1 177 -35
1 217 -53
0 -85 -49
3 149 93
2 103 -111
3 160 80
4 -10 186
2 98 -112
3 151 75
3 162 54
3 145 88
3 159 62
2 126 -113
1 214 -40
0 -55 -58
1 197 -25
4 -3 183
3 146 113
4 26 182
1 204 -50
4 28 183
1 231 -7
4 18 184
1 162 -50
3 155 75
3 153 257
3 154 106
2 116 -96
1 213 -26
2 88 -94
0 -66 -48
4 -5 190
0 -35 -50
0 -79 -43
4 -9 187
0 -54 -47
4 11 181
2 125 -118
0 -76 -36
0 -57 -48
2 97 -84
3 154 28
3 153 96
3 148 93
2 99 -103
2 98 -102
2 104 -111
0 -34 -52
2 96 -103
0 -49 -42
0 -37 -44
3 151 68
1 186 -9
3 150 87
1 220 -19
4 -2 185
0 -26 -57
4 26 187
0 -63 -43
2 75 -102
3 158 44
3 156 90
2 85 -109
3 144 72
2 110 -103
2 65 -104
1 187 -37
3 154 73
2 127 -107
3 169 61
3 157 104
1 183 -19
3 157 91
0 -73 -41
3 158 93
0 -42 -54
1 178 -8
0 -50 -41
3 152 51
4 14 189
3 151 86
0 -60 -31
0 -51 -48
1 194 -41
1 210 -43
2 106 -87
1 210 -33
4 21 186
4 13 190
3 157 70
2 90 -97
3 159 84
4 28 185
4 26 189
4 3 183
1 204 -25
0 -84 -50
3 148 83
0 -88 -46
2 104 -113
2 112 -101
0 -16 -47
2 107 -120
0 -7 -53
3 151 112
4 -2 178
2 126 -89
4 21 182
2 90 -92
2 111 -110
3 155 88
3 157 100
0 -46 -30
4 0 193
3 164 65
0 -75 -49
2 120 -93
1 228 -23
0 -51 -42
4 9 180
4 19 187
0 -59 -38
4 29 186
1 210 -46
4 7 180
1 195 -18
4 17 179
4 -13 191
0 -44 -50
4 20 190
3 157 74
3 148 63
1 198 -24
3 166 91
2 95 -96
1 207 -21
3 160 66
2 112 -110
1 175 -64
1 245 -52
0 -43 -45
2 78 -104
0 -62 -45
0 -42 -53
3 168 96
1 203 1
4 -5 184
4 9 177
4 -5 188
1 201 -38
2 124 -88
3 152 72
0 -57 -35
4 15 189
4 5 190
1 205 -22
2 104 -122
0 2 -48
1 200 -53
0 -72 -49
2 98 -109
2 108 -87
4 32 184
3 172 71
2 93 -112
0 -41 -39
1 196 -24
3 167 87
4 -1 189
3 155 111
2 125 -109
2 114 -110
2 108 -103
3 167 47
3 167 62
2 97 -98
0 -73 -50
0 -58 -51
1 205 -44
4 -16 172
3 149 86
3 177 77
3 156 62
2 96 -109
0 -59 -48
3 154 112
0 -44 -28
3 157 105
1 207 -11
2 102 -108
1 180 -49
2 101 -115
0 -64 -39
3 162 106
4 17 190
3 160 75
1 180 -11
1 212 -36
2 83 -107
4 -7 185
1 181 -34
0 -26 -41
4 2 195
2 107 -103
2 107 -99
1 209 -32
0 -89 -47
3 172 91
2 77 -105
2 108 -110
4 -5 193
4 -41 192
4 -1 186
1 215 -41
4 2 187
4 -11 190
1 209 0
1 197 -10
2 111 -97
3 148 89
2 100 -99
2 100 -113
4 13 181
0 -57 -58
0 -92 -51
1 187 -10
0 -60 -52
0 -46 -43
3 148 75
4 39 184
1 208 -22
4 -7 190
2 101 -116
2 85 -109
3 158 118
1 175 -50
3 137 87
1 193 -47
2 120 -104
1 207 -26
0 -23 -40
3 154 86
3 163 93
1 216 -38
3 146 92
4 -3 195
2 81 -103
0 -62 -54
2 94 -97
1 169 -31
3 140 102
1 232 -15
2 100 -95
4 16 186
0 -45 -39
1 202 -22
2 99 -105
0 -63 -36
4 1 194
3 156 103
3 156 66
4 31 189
2 153 -91
0 -62 -51
1 169 -17
1 201 -44
4 10 194
1 238 -30
0 -59 -39
1 182 -10
4 14 185
1 227 -40
0 -45 -41
3 165 70
0 -50 -52
4 0 186
4 2 187
0 -46 -40
1 210 -25
0 -77 -48
1 165 -2
0 -83 -37
1 205 -27
3 155 69
3 152 77
4 21 170
3 170 68
1 193 -15
3 162 60
0 -52 -37
1 228 -59
1 198 -18
3 149 63
4 2 184
3 147 83
2 78 -98
3 159 104
2 93 -104
3 160 92
4 -7 189
4 -22 185
2 111 -114
2 112 -93
1 188 -14
1 185 -51
4 -13 183
4 29 196
1 198 -26
0 -79 -43
4 6 187
4 12 190
1 205 -16
3 154 75
4 27 187
1 188 -48
1 182 -40
4 3 184
3 139 53
0 -38 -45
4 -7 181
4 8 185
1 207 -58
1 201 -5
3 168 50
4 26 192
1 218 -23
3 151 52
2 110 -109
2 96 -99
2 91 -102
4 -9 198
0 -82 -38
0 -55 -51
2 96 -99
0 -55 -51
1 243 -34
2 82 -97
3 151 68
2 94 -110
4 23 189
4 32 189
2 98 -109
0 -43 -57
3 172 83
1 205 -33
4 -1 173
4 39 195
4 -14 192
2 110 -108
2 98 -113
3 157 81
0 -46 -53
0 -40 -32
3 174 84
2 128 -217
1 219 -37
3 147 69
3 153 67
0 -39 -35
2 100 -98
0 -55 -55
3 158 87
0 -56 -52
4 22 195
0 -58 -57
2 105 -109
1 222 -44
3 161 85
2 111 -118
1 219 -44
0 -56 -43
4 33 184
0 -59 -48
2 108 -117
4 5 185
0 -65 -45
0 -27 -38
3 165 88
3 166 73
2 87 -98
1 186 -25
4 -11 189
0 -55 -41
3 157 57
2 100 -112
3 171 134
3 157 67
3 150 63
3 149 46
0 -33 -51
4 22 187
3 172 108
0 -79 -50
3 136 64
1 211 -18
1 225 -19
1 221 -49
0 -33 -45
3 169 87
2 103 -110
0 -86 -55
4 3 189
4 -9 198
4 4 184
3 164 75
1 208 -40
3 157 80
1 247 -41
3 143 75
1 209 -56
3 166 63
2 119 -93
2 138 -88
3 145 65
1 229 5
0 -53 -35
4 14 190
2 103 -88
2 81 -90
1 234 -6
3 156 66
1 200 -35
2 118 -112
1 231 -32
2 74 -108
2 108 -125
3 162 56
3 158 51
0 -22 -51
3 166 215
4 -5 197
4 -8 187
2 101 -97
2 108 -88
3 154 106
2 108 -121
2 102 -97
1 172 -5
1 186 -46
4 5 199
2 120 -115
0 -47 -42
2 121 -94
3 161 73
2 91 -112
0 -21 -51
2 109 -95
3 161 81
1 208 -24
4 19 181
1 233 -31
2 124 -106
2 88 -101
3 158 100
3 158 105
1 195 -29
2 103 -95
0 -51 -31
3 153 78
1 187 -36
1 197 1
1 221 -30
2 95 -99
4 9 190
3 145 84
0 -63 -36
3 160 74
4 12 191
0 -45 -50
2 129 -98
0 -67 -38
2 107 -106
1 212 -14
0 -48 -37
1 245 -50
0 -36 -51
3 148 74
3 154 50
2 101 -93
2 94 -107
2 93 -101
2 99 -103
4 18 201
3 143 84
3 164 73
4 14 197
0 -83 -40
0 -73 -48
0 -173 -46
4 34 191
1 195 -27
3 144 76
3 159 96
3 167 102
2 128 -105
2 88 -100
2 115 -111
3 163 45
1 160 -7
2 115 -104
2 80 -86
3 160 66
3 179 118
1 197 11
1 208 -32
2 111 -101
2 127 -98
3 180 74
1 186 1
3 157 88
0 -53 -46
4 6 194
0 -57 -51
0 -62 -47
1 169 -39
1 190 -33
3 164 94
3 162 96
2 119 -97
1 193 -30
0 -51 -45
0 -43 -44
2 80 -85
1 216 -30
1 180 -21
0 -88 -38
1 223 -29
3 151 101
3 147 93
0 -89 -36
3 152 85
2 138 -109
1 215 -8
1 201 -22
3 164 135
2 95 -106
2 92 -87
3 166 87
2 115 -96
1 196 -27
2 88 -94
3 163 92
4 12 195
1 212 -24
1 218 -21
4 -15 194
3 165 79
1 195 -37
0 -41 -36
0 -91 -44
3 168 97
3 169 97
0 -54 -43
3 143 71
3 136 110
2 117 -103
3 153 90
1 214 -31
0 -10 -41
4 -4 193
3 137 66
2 104 -105
2 106 -94
2 91 -112
4 11 185
3 162 42
2 135 -103
2 95 -90
2 119 -90
4 -4 194
3 168 78
2 100 -91
3 166 97
3 163 101
1 223 -10
0 -77 -38
2 108 -105
3 152 76
4 23 195
2 115 -102
2 95 -89
3 148 89
3 151 48
3 145 84
1 210 -47
2 95 -88
3 154 70
4 -1 196
2 112 -97
0 -52 -33
1 207 -33
4 -5 195
0 -57 -39
4 9 204
3 149 106
1 232 -21
3 168 92
2 122 -91
4 -8 192
1 212 -32
0 -20 -48
1 191 -21
4 17 193
3 161 36
3 161 67
1 213 -32
1 191 -36
2 74 -109
0 -40 -47
2 111 -102
4 -3 192
1 216 -19
3 148 64
0 -38 -53
2 81 -97
3 156 63
1 209 -74
0 -29 -39
1 182 -37
1 173 -38
0 -40 -40
4 16 191
3 145 62
4 11 188
0 -44 -30
3 161 49
1 181 -39
1 215 -18
3 155 80
2 86 -98
0 -47 -51
0 -37 -35
1 237 -45
1 198 -12
0 -59 -37
3 152 100
0 -62 -34
2 122 -107
2 81 -97
3 155 67
1 201 -16
4 -6 199
4 29 205
4 10 198
2 82 -111
0 -81 -47
1 194 -20
3 158 81
3 161 78
3 169 76
4 38 194
0 -66 -44
3 147 104
3 165 66
0 -87 -35
1 198 -33
0 -39 -34
2 93 -92
4 -12 196
1 224 -26
4 31 189
4 20 197
2 89 -96
1 210 -16
1 221 -10
2 106 -100
2 84 -99
1 217 -8
3 166 82
4 1 192
1 220 -24
2 98 -107
3 143 70
2 124 -107
2 120 -89
3 168 85
2 81 -86
1 228 -15
4 -6 200
3 149 70
4 -12 189
4 16 203
1 191 -17
2 141 -102
2 75 -87
1 228 -33
4 15 188
1 207 -22